# stream_name, soft, soft weighted, soft smoke weighted, hard, hard weighted, hard smoke weighted
imb_20_id_s_hyp_r1_s_hyp_r2 0.5079083705257493 0.5095250996958032 0.5095159851967114 0.5325458830136957 0.5301450588204742 0.530726240241697
imb_20_id_s_hyp_r1_s_hyp_r3 0.49292411325223606 0.49486898233384496 0.4949244947504498 0.5189256494463422 0.5174081242027827 0.5178891643459826
imb_20_id_s_hyp_r1_s_rbf_r1 0.43405340324054753 0.43558317574443367 0.4355145347658783 0.4383769651538101 0.45218107160012705 0.4521600939307881
imb_20_id_s_hyp_r2_s_hyp_r3 0.44282371923810326 0.4450290278603943 0.44525614009553227 0.4696734285445268 0.4672134950635584 0.4677077754124583
imb_20_id_s_hyp_r2_s_rbf_r2 0.2854261999561847 0.28791114627323655 0.28794684864399006 0.31310731798326963 0.3123470697832916 0.31325754658624644
imb_20_id_s_hyp_r3_s_rbf_r3 0.23237257279368917 0.23460762462862594 0.23452142840376783 0.2567052835816501 0.25591540439372834 0.2558946997493853
imb_20_id_s_rbf_r1_s_rbf_r2 0.3822913092739647 0.3829532286231434 0.38292844054744823 0.37595766084683946 0.39531707709584796 0.39594726053851137
imb_20_id_s_rbf_r1_s_rbf_r3 0.29611165758754593 0.2975320489369767 0.2973569244072084 0.31379156752358756 0.31177570052106296 0.3126946692621398
imb_20_id_s_rbf_r2_s_rbf_r3 0.2967414365393943 0.2976553031531598 0.2976689648167939 0.3125923949860249 0.3101829200873547 0.31163552186559146
imb_20_sd_s_hyp_r1_s_hyp_r2 0.5923686882570462 0.5951146094128814 0.5951946351753122 0.6242776567262457 0.6221246970143601 0.6228411177683499
imb_20_sd_s_hyp_r1_s_hyp_r3 0.5615883355232283 0.5634714240466996 0.5637843878675703 0.5918281300328987 0.5907585452225917 0.5919379685819575
imb_20_sd_s_hyp_r1_s_rbf_r1 0.4940784650271603 0.49559585748911417 0.4957177675997798 0.49588591628861395 0.5066026316292033 0.5058124133075402
imb_20_sd_s_hyp_r2_s_hyp_r3 0.4994919252081228 0.5026302149971824 0.5027241184377702 0.5356102573651954 0.53484818160237 0.5355865625503476
imb_20_sd_s_hyp_r2_s_rbf_r2 0.3224474756898321 0.3258418964691057 0.3258353008042587 0.35518657225949646 0.3542919392325989 0.35440306803230176
imb_20_sd_s_hyp_r3_s_rbf_r3 0.2591711580088626 0.2619770955475826 0.2621485011260785 0.28864215630546447 0.28799174134876154 0.28841219416939695
imb_20_sd_s_rbf_r1_s_rbf_r2 0.3772165984880898 0.3780288325959743 0.37807468321629456 0.3717379455993221 0.38681833438872687 0.38676835070457893
imb_20_sd_s_rbf_r1_s_rbf_r3 0.30689564914780165 0.3079940508715122 0.30804683850222403 0.31579086340843004 0.3134028766424647 0.3129919221684245
imb_20_sd_s_rbf_r2_s_rbf_r3 0.31964903244458315 0.3201219247932594 0.32018114319164787 0.3325845840790936 0.3326075219168665 0.3330781093796863
imb_20_s_hyp_r1 0.7137242227870421 0.7158510506487238 0.7157364849589666 0.7369549253326382 0.7365358731772602 0.7365987732252985
imb_20_s_hyp_r2 0.5910016467157779 0.5945137572311207 0.5943125579928961 0.6198619702768853 0.619209981238892 0.6193597115336725
imb_20_s_hyp_r3 0.5136950651717492 0.5162351562878571 0.5161689062726469 0.5212255759704317 0.5325101917484797 0.5323999207525456
imb_20_s_rbf_r1 0.570778745659667 0.5715241043978244 0.5716599810035563 0.5652361688188978 0.5806835808357975 0.5807607860006073
imb_20_s_rbf_r2 0.5299564636915736 0.5310785855275857 0.5310268423709277 0.5279033906237366 0.5409672537494132 0.5409256193306665
imb_20_s_rbf_r3 0.2519056014831971 0.2535965448613155 0.2534163985457294 0.27122494591128793 0.2702244490091727 0.27145181319479017
imb_33_id_s_hyp_r1_s_hyp_r2 0.6025148178494707 0.6044236634654444 0.6044580141999575 0.6175650794742504 0.6165017620629494 0.6167076313744858
imb_33_id_s_hyp_r1_s_hyp_r3 0.5842170358416184 0.5856423154824141 0.5856119433666366 0.598881714676826 0.5986250420441039 0.5991387062064255
imb_33_id_s_hyp_r1_s_rbf_r1 0.5239043477733736 0.5250864436953369 0.5251561914382109 0.5301192794432684 0.539750318066873 0.5397842099677199
imb_33_id_s_hyp_r2_s_hyp_r3 0.5336714353509779 0.5368294104829873 0.5367312163364426 0.5538698411628785 0.5530038332205205 0.5529467435215243
imb_33_id_s_hyp_r2_s_rbf_r2 0.3737738516846316 0.37689876303172737 0.3768653079547567 0.4015079473982519 0.40307116514879177 0.4031567070715402
imb_33_id_s_hyp_r3_s_rbf_r3 0.30898782374085976 0.31138400660808696 0.31132586389115036 0.32563913566965674 0.32615228942214913 0.32678861955970623
imb_33_id_s_rbf_r1_s_rbf_r2 0.48846379374181736 0.4909457051442282 0.4909213239487242 0.48949318642112294 0.5072291829153286 0.5067087878012513
imb_33_id_s_rbf_r1_s_rbf_r3 0.3965429277800181 0.39770848721284807 0.3975848594237277 0.41223430551449614 0.4156821803848189 0.4159457691297945
imb_33_id_s_rbf_r2_s_rbf_r3 0.3880625296841264 0.38923577892459155 0.3892426897040748 0.403485501356597 0.4074762538133738 0.40811526584049085
imb_33_sd_s_hyp_r1_s_hyp_r2 0.6783130140156876 0.6820314080308622 0.6819815648129776 0.7038498048295725 0.7056856373307892 0.7059018712496519
imb_33_sd_s_hyp_r1_s_hyp_r3 0.640262613424591 0.6451196944016088 0.645152015898422 0.6675160183273003 0.6684383912513667 0.668430278189242
imb_33_sd_s_hyp_r1_s_rbf_r1 0.565795264301179 0.5677915880474694 0.5679500037898525 0.5707560698122268 0.5827109401016161 0.5835207376992361
imb_33_sd_s_hyp_r2_s_hyp_r3 0.5808640079383902 0.5849595432769205 0.5847936139613382 0.6074994095076438 0.6090206249723147 0.6090080777405712
imb_33_sd_s_hyp_r2_s_rbf_r2 0.4125412291332521 0.41906332889776515 0.419163045558481 0.44637656800173703 0.4499079962372567 0.45005909871457467
imb_33_sd_s_hyp_r3_s_rbf_r3 0.34331480421397226 0.34688115940821096 0.34682734964292083 0.368936521989601 0.37320417132360345 0.37333111853465484
imb_33_sd_s_rbf_r1_s_rbf_r2 0.4797462281122117 0.48134544072194 0.4813155842622694 0.47759353108160363 0.49979320743529526 0.5000586522165166
imb_33_sd_s_rbf_r1_s_rbf_r3 0.40876321385992986 0.41009437522087894 0.4100720098110123 0.41627726892238787 0.4190621767969861 0.41961861747562823
imb_33_sd_s_rbf_r2_s_rbf_r3 0.40555390287132376 0.4069485830261279 0.4069636961773697 0.4170410086483762 0.42164870532629456 0.42233171027952177
imb_33_s_hyp_r1 0.7793152847108823 0.7818319448043036 0.7818353977091016 0.7950420587266179 0.7952434798907039 0.795559376295856
imb_33_s_hyp_r2 0.6773230485314728 0.6805739588571692 0.680517857431522 0.6980718917643525 0.6986238520564716 0.6986869441294744
imb_33_s_hyp_r3 0.5940780538977005 0.5946446218232011 0.5945858011753885 0.5948323110989844 0.6036985233141953 0.6037864845041071
imb_33_s_rbf_r1 0.651000028640597 0.6513949346141408 0.6514267629962196 0.6471130949917229 0.6578635229931303 0.657961136666972
imb_33_s_rbf_r2 0.6224873976207405 0.6225002174126785 0.6229453786663811 0.6266757677880083 0.6343198537799251 0.6346707746635203
imb_33_s_rbf_r3 0.3390496959410369 0.34168381945767967 0.3417113449943683 0.35969630283399706 0.362895937477701 0.363544467799513
imb_9_id_s_hyp_r1_s_hyp_r2 0.33883086761022807 0.3400484573060182 0.339882175604811 0.363047016282094 0.3577413304723929 0.3575941567962456
imb_9_id_s_hyp_r1_s_hyp_r3 0.33538405291699913 0.33709515563952763 0.3372009916096432 0.35962397436242316 0.3564102116937438 0.3566913926652092
imb_9_id_s_hyp_r1_s_rbf_r1 0.2859172017516209 0.28598461474105696 0.2862062557387274 0.28378857001018165 0.2959489246312464 0.2962605711203219
imb_9_id_s_hyp_r2_s_hyp_r3 0.2864218442783397 0.28734923707098403 0.28729994789455365 0.30820727707358675 0.3049524488742258 0.30549326378123937
imb_9_id_s_hyp_r2_s_rbf_r2 0.1665418895947504 0.1678435377069524 0.16780667682803174 0.18551697137940648 0.1815762028240668 0.1822096982824517
imb_9_id_s_hyp_r3_s_rbf_r3 0.13514351272310127 0.13644572259206758 0.13634938717623205 0.1508219164320713 0.14667069798866303 0.14755034617899435
imb_9_id_s_rbf_r1_s_rbf_r2 0.20374853125957615 0.20429142214525164 0.2046364372253134 0.19867520248534598 0.20859605991176167 0.20989059597968515
imb_9_id_s_rbf_r1_s_rbf_r3 0.1499075417710789 0.1511337181009421 0.1510975163095968 0.1597063144293701 0.15747938854960133 0.15861723777137784
imb_9_id_s_rbf_r2_s_rbf_r3 0.17339338262552334 0.17352757680476083 0.17352909237876546 0.1828956021488167 0.1804106429685716 0.18018348084369532
imb_9_sd_s_hyp_r1_s_hyp_r2 0.42949441182602155 0.43101494472030283 0.4310120738687176 0.45995265323976486 0.4561735648012289 0.45658304218611767
imb_9_sd_s_hyp_r1_s_hyp_r3 0.37965023705484047 0.38135302465182885 0.3815592697397845 0.4075802673489435 0.4050508732789353 0.40543626129389704
imb_9_sd_s_hyp_r1_s_rbf_r1 0.34109884204247776 0.3411154804893052 0.3409990958155486 0.3392731443259042 0.34569212714005865 0.3454005997357339
imb_9_sd_s_hyp_r2_s_hyp_r3 0.3313588667021128 0.33310588065477736 0.3332434676828188 0.3592916653234914 0.35625016712535584 0.35668822624359386
imb_9_sd_s_hyp_r2_s_rbf_r2 0.19255128512772046 0.19457592469003776 0.194421241466136 0.21465405434388846 0.21261272782618557 0.21257372828760787
imb_9_sd_s_hyp_r3_s_rbf_r3 0.15272027281638803 0.15446010877128938 0.15433744206309372 0.17115662198246173 0.16984747107987552 0.1697968934951096
imb_9_sd_s_rbf_r1_s_rbf_r2 0.19355631332385975 0.19452800281479804 0.19437658505384944 0.19041063778514616 0.19659747775556977 0.19751776993048145
imb_9_sd_s_rbf_r1_s_rbf_r3 0.1656810761745578 0.1665116252341851 0.16635805355313396 0.1679994107089223 0.16763096702210917 0.168114598744506
imb_9_sd_s_rbf_r2_s_rbf_r3 0.1746522673045582 0.1753538238834925 0.17493955109022447 0.18472472655310798 0.18031343018796409 0.18115897249236015
imb_9_s_hyp_r1 0.5382748674395982 0.5397503842393613 0.5397430503900041 0.5696349427042321 0.566393349265381 0.5671290666091625
imb_9_s_hyp_r2 0.424934805082209 0.426567389127119 0.42657039842705824 0.4507536532157439 0.44882250319608913 0.4497033697606874
imb_9_s_hyp_r3 0.34161938444014023 0.34245877373444306 0.3423826833760591 0.3487593082060283 0.3584602728802638 0.3585636568383025
imb_9_s_rbf_r1 0.3693325654301313 0.369810430881277 0.3698954576607305 0.36348878509698873 0.37969262295343353 0.3805682541777627
imb_9_s_rbf_r2 0.34745963589215634 0.35019200201170764 0.35011663462508263 0.33404980825208735 0.35052809039545335 0.35072129941231267
imb_9_s_rbf_r3 0.12346276013202555 0.12314003615579958 0.12365779238386385 0.12889351044853045 0.1270565707920304 0.12752390841406086
