# elements, balanced_accuracy_score, cohen_kappa_score, matthews_corrcoef
1750, 0.689928, 0.292396, 0.329636
2500, 0.715768, 0.344284, 0.370850
3250, 0.713537, 0.333395, 0.360006
4000, 0.687676, 0.283113, 0.318148
4750, 0.731359, 0.367563, 0.399810
5500, 0.709649, 0.348990, 0.368684
6250, 0.703801, 0.331392, 0.355144
7000, 0.734168, 0.366282, 0.402545
7750, 0.690000, 0.277879, 0.310798
8500, 0.718731, 0.324460, 0.361376
9250, 0.710721, 0.330042, 0.359222
10000, 0.759858, 0.406183, 0.440028
10750, 0.767041, 0.422141, 0.455584
11500, 0.739638, 0.377215, 0.406894
12250, 0.766925, 0.390349, 0.440239
13000, 0.527976, 0.032994, 0.042071
13750, 0.489881, -0.010076, -0.014942
14500, 0.581543, 0.121517, 0.132272
15250, 0.587638, 0.112949, 0.135597
16000, 0.620954, 0.156003, 0.186175
16750, 0.630279, 0.150467, 0.186941
17500, 0.641953, 0.173175, 0.214438
18250, 0.633080, 0.187302, 0.212559
19000, 0.608594, 0.129187, 0.167362
19750, 0.661667, 0.255599, 0.272765
20500, 0.623355, 0.165557, 0.191092
21250, 0.610913, 0.130106, 0.163883
22000, 0.664012, 0.236363, 0.261017
22750, 0.613171, 0.136838, 0.171499
23500, 0.590790, 0.113417, 0.136498
24250, 0.662860, 0.192601, 0.237943
25000, 0.596908, 0.119872, 0.144298
25750, 0.608862, 0.141975, 0.170377
26500, 0.614293, 0.178844, 0.193159
27250, 0.722521, 0.363431, 0.387290
28000, 0.780932, 0.421655, 0.468344
28750, 0.770581, 0.449478, 0.473002
29500, 0.794653, 0.437642, 0.488077
30250, 0.808960, 0.506240, 0.538788
31000, 0.811923, 0.485349, 0.525565
31750, 0.782660, 0.464389, 0.498155
32500, 0.788153, 0.477772, 0.503548
33250, 0.786202, 0.459815, 0.493922
34000, 0.772192, 0.443160, 0.473493
34750, 0.764463, 0.390655, 0.431845
35500, 0.774309, 0.434328, 0.473118
36250, 0.802075, 0.480466, 0.510843
37000, 0.788013, 0.490480, 0.508157
37750, 0.808542, 0.514802, 0.539452
38500, 0.753270, 0.412867, 0.435265
39250, 0.538767, 0.041232, 0.058149
40000, 0.563718, 0.072287, 0.092986
40750, 0.650682, 0.201929, 0.233957
41500, 0.573036, 0.083015, 0.111312
42250, 0.598665, 0.128334, 0.148616
43000, 0.620930, 0.137931, 0.171903
43750, 0.680619, 0.244274, 0.282786
44500, 0.665438, 0.200347, 0.244081
45250, 0.678069, 0.237683, 0.274993
46000, 0.657182, 0.214444, 0.246404
46750, 0.652841, 0.191681, 0.225665
47500, 0.660169, 0.217630, 0.257022
48250, 0.697448, 0.278093, 0.312552
49000, 0.681128, 0.249882, 0.282619
49750, 0.674206, 0.220023, 0.261796
50500, 0.635444, 0.136829, 0.182224
51250, 0.669968, 0.219522, 0.259956
52000, 0.679892, 0.243738, 0.283010
52750, 0.648623, 0.231786, 0.251044
53500, 0.805395, 0.544843, 0.556605
54250, 0.783616, 0.439491, 0.473144
55000, 0.821081, 0.515389, 0.548958
55750, 0.803106, 0.493428, 0.526501
56500, 0.815305, 0.511515, 0.545438
57250, 0.807311, 0.519436, 0.540732
58000, 0.796606, 0.514007, 0.536161
58750, 0.795409, 0.516041, 0.529614
59500, 0.832867, 0.555714, 0.581617
60250, 0.811741, 0.535307, 0.552048
61000, 0.812652, 0.526917, 0.549959
61750, 0.808147, 0.536025, 0.552415
62500, 0.837719, 0.581498, 0.603484
63250, 0.813239, 0.546180, 0.562166
64000, 0.826435, 0.544699, 0.569218
