# elements, balanced_accuracy_score, cohen_kappa_score, matthews_corrcoef
1750, 0.705970, 0.330606, 0.360029
2500, 0.706405, 0.316845, 0.350456
3250, 0.714756, 0.342178, 0.365249
4000, 0.673230, 0.258169, 0.293036
4750, 0.726438, 0.352233, 0.389162
5500, 0.704094, 0.340820, 0.359402
6250, 0.699708, 0.330871, 0.350509
7000, 0.729738, 0.368269, 0.397758
7750, 0.705000, 0.298725, 0.334951
8500, 0.724207, 0.327941, 0.368897
9250, 0.754239, 0.388003, 0.430061
10000, 0.760393, 0.404194, 0.439797
10750, 0.771796, 0.423880, 0.461431
11500, 0.756677, 0.392298, 0.431217
12250, 0.766082, 0.388451, 0.438655
13000, 0.526144, 0.029733, 0.039225
13750, 0.502183, 0.002014, 0.003299
14500, 0.612227, 0.148338, 0.174352
15250, 0.619270, 0.148952, 0.183557
16000, 0.619560, 0.155412, 0.184370
16750, 0.630711, 0.134515, 0.183882
17500, 0.667181, 0.202402, 0.252241
18250, 0.638583, 0.193548, 0.220822
19000, 0.617623, 0.134877, 0.181563
19750, 0.668333, 0.252658, 0.277824
20500, 0.605896, 0.139227, 0.163018
21250, 0.615278, 0.127175, 0.169164
22000, 0.656325, 0.209808, 0.242168
22750, 0.611411, 0.132738, 0.168552
23500, 0.589107, 0.103027, 0.132025
24250, 0.640599, 0.165570, 0.205214
25000, 0.590632, 0.106009, 0.133240
25750, 0.593313, 0.117647, 0.145357
26500, 0.616735, 0.167872, 0.192303
27250, 0.717750, 0.347805, 0.375921
28000, 0.781515, 0.419660, 0.468393
28750, 0.780550, 0.461301, 0.488129
29500, 0.798493, 0.439524, 0.493213
30250, 0.816562, 0.515399, 0.550676
31000, 0.811709, 0.480678, 0.523391
31750, 0.783412, 0.458422, 0.497310
32500, 0.790818, 0.474165, 0.504462
33250, 0.794292, 0.476686, 0.509471
34000, 0.771068, 0.431724, 0.467935
34750, 0.767227, 0.389459, 0.434251
35500, 0.760077, 0.417550, 0.450516
36250, 0.797971, 0.460087, 0.497016
37000, 0.806343, 0.489976, 0.523607
37750, 0.814952, 0.519936, 0.547776
38500, 0.749903, 0.404263, 0.427832
39250, 0.535371, 0.035583, 0.053659
40000, 0.567525, 0.075415, 0.098344
40750, 0.635360, 0.174637, 0.208005
41500, 0.569322, 0.074624, 0.106365
42250, 0.603389, 0.136374, 0.156551
43000, 0.635437, 0.148729, 0.190779
43750, 0.669413, 0.218341, 0.262122
44500, 0.676003, 0.210449, 0.258853
45250, 0.677266, 0.236118, 0.273572
46000, 0.660131, 0.217592, 0.250716
46750, 0.675071, 0.223786, 0.260283
47500, 0.663720, 0.209522, 0.261304
48250, 0.689615, 0.264838, 0.299235
49000, 0.673993, 0.241621, 0.272173
49750, 0.662103, 0.200885, 0.242348
50500, 0.638492, 0.141210, 0.186699
51250, 0.661215, 0.206131, 0.245929
52000, 0.661602, 0.216463, 0.253487
52750, 0.646186, 0.216089, 0.242674
53500, 0.808634, 0.542125, 0.557135
54250, 0.778065, 0.412792, 0.455771
55000, 0.823676, 0.509314, 0.548673
55750, 0.802733, 0.485748, 0.523021
56500, 0.814108, 0.512141, 0.544511
57250, 0.800080, 0.487666, 0.517831
58000, 0.795279, 0.505381, 0.531080
58750, 0.800289, 0.516640, 0.533356
59500, 0.826107, 0.528124, 0.561526
60250, 0.810469, 0.521692, 0.542808
61000, 0.814266, 0.523164, 0.549371
61750, 0.806413, 0.531140, 0.548189
62500, 0.836988, 0.575531, 0.599675
63250, 0.815281, 0.547790, 0.564642
64000, 0.832936, 0.558703, 0.582343
