# elements, balanced_accuracy_score, cohen_kappa_score, matthews_corrcoef
1500, 0.613297, 0.150837, 0.181652
3000, 0.616872, 0.163804, 0.188982
4500, 0.630947, 0.184147, 0.211903
6000, 0.631103, 0.195996, 0.216063
7500, 0.664050, 0.233803, 0.266349
9000, 0.665566, 0.240793, 0.270359
10500, 0.645091, 0.219610, 0.240229
12000, 0.667032, 0.238956, 0.271464
13500, 0.660205, 0.249084, 0.268229
15000, 0.608053, 0.160652, 0.177727
16500, 0.602333, 0.158663, 0.171125
18000, 0.608004, 0.153624, 0.175264
19500, 0.632822, 0.187428, 0.215112
21000, 0.639429, 0.226886, 0.238694
22500, 0.607189, 0.160992, 0.176954
24000, 0.632871, 0.190513, 0.216076
25500, 0.642341, 0.201441, 0.230690
27000, 0.699097, 0.306697, 0.332010
28500, 0.698446, 0.303332, 0.329858
30000, 0.715008, 0.333965, 0.359830
31500, 0.704973, 0.312419, 0.340315
33000, 0.715368, 0.370746, 0.381157
34500, 0.702691, 0.314279, 0.338955
36000, 0.712706, 0.338691, 0.360113
37500, 0.717816, 0.359253, 0.375650
39000, 0.749200, 0.415823, 0.432646
40500, 0.718611, 0.334088, 0.363347
42000, 0.662526, 0.239118, 0.266370
43500, 0.684974, 0.290158, 0.310943
45000, 0.696592, 0.314023, 0.333351
46500, 0.686927, 0.305700, 0.320870
48000, 0.660971, 0.235544, 0.263357
49500, 0.685791, 0.304262, 0.319159
51000, 0.677612, 0.288343, 0.303682
52500, 0.765528, 0.447705, 0.463858
54000, 0.732715, 0.367018, 0.392179
55500, 0.734114, 0.381126, 0.400881
57000, 0.725489, 0.358595, 0.381521
58500, 0.729063, 0.363505, 0.387168
60000, 0.732861, 0.377840, 0.398039
61500, 0.738233, 0.389067, 0.408633
