# elements, balanced_accuracy_score, cohen_kappa_score, matthews_corrcoef
500, 0.545244, 0.039180, 0.119852
1000, 0.612203, 0.113403, 0.200382
1500, 0.639344, 0.149685, 0.235275
2000, 0.667084, 0.195562, 0.270655
2500, 0.675112, 0.202530, 0.284728
3000, 0.704509, 0.272760, 0.327958
3500, 0.698143, 0.241224, 0.318206
4000, 0.719701, 0.326421, 0.361279
4500, 0.724755, 0.298928, 0.360322
5000, 0.735188, 0.318128, 0.377823
5500, 0.745253, 0.349225, 0.398099
6000, 0.748145, 0.342862, 0.400058
6500, 0.758837, 0.366748, 0.419621
7000, 0.768771, 0.383228, 0.436427
7500, 0.780532, 0.424289, 0.464345
8000, 0.783137, 0.467886, 0.488831
8500, 0.771344, 0.375779, 0.437655
9000, 0.790118, 0.476010, 0.498894
9500, 0.793298, 0.451151, 0.488798
10000, 0.793428, 0.444628, 0.486046
10500, 0.798066, 0.452117, 0.493926
11000, 0.794055, 0.432948, 0.482056
11500, 0.804251, 0.504800, 0.526485
12000, 0.799960, 0.451864, 0.495746
12500, 0.813417, 0.505929, 0.534291
13000, 0.822701, 0.502777, 0.540796
13500, 0.819520, 0.506871, 0.539968
14000, 0.788320, 0.408228, 0.467333
14500, 0.787742, 0.423998, 0.471834
15000, 0.782676, 0.426278, 0.467367
15500, 0.782786, 0.434292, 0.470965
16000, 0.784274, 0.472263, 0.492281
16500, 0.777599, 0.410300, 0.455668
17000, 0.782068, 0.437796, 0.471903
17500, 0.772373, 0.406041, 0.448425
18000, 0.774508, 0.422160, 0.457443
18500, 0.770110, 0.422038, 0.453241
19000, 0.766040, 0.411800, 0.444562
19500, 0.752185, 0.366953, 0.411868
20000, 0.760026, 0.404430, 0.435428
20500, 0.761222, 0.391093, 0.430735
21000, 0.768185, 0.421960, 0.451454
21500, 0.770109, 0.403008, 0.444833
22000, 0.774089, 0.423005, 0.457428
22500, 0.770199, 0.411679, 0.448541
23000, 0.765231, 0.394244, 0.436217
23500, 0.767276, 0.404204, 0.442389
24000, 0.771057, 0.423915, 0.455024
24500, 0.776134, 0.443626, 0.469584
25000, 0.775834, 0.417127, 0.456545
25500, 0.790386, 0.444962, 0.483171
26000, 0.805537, 0.488666, 0.518413
26500, 0.808418, 0.465896, 0.510264
27000, 0.825146, 0.536339, 0.560790
27500, 0.830143, 0.542987, 0.568478
28000, 0.829305, 0.527474, 0.559163
28500, 0.813445, 0.472945, 0.518352
29000, 0.831201, 0.559187, 0.579056
29500, 0.833215, 0.553391, 0.576926
30000, 0.827848, 0.525004, 0.556616
30500, 0.828907, 0.566402, 0.582234
31000, 0.826084, 0.538803, 0.562947
31500, 0.821026, 0.504482, 0.540097
32000, 0.829665, 0.552283, 0.573687
32500, 0.830602, 0.543421, 0.569081
33000, 0.807969, 0.458024, 0.506606
33500, 0.831798, 0.542851, 0.569681
34000, 0.833345, 0.558085, 0.579868
34500, 0.814323, 0.484920, 0.524493
35000, 0.823342, 0.554205, 0.570651
35500, 0.826891, 0.535124, 0.561428
36000, 0.826562, 0.531229, 0.558960
36500, 0.831968, 0.550295, 0.574155
37000, 0.823410, 0.508037, 0.544013
37500, 0.831540, 0.572914, 0.588221
38000, 0.824238, 0.508537, 0.545009
38500, 0.814774, 0.545550, 0.559562
39000, 0.800141, 0.475700, 0.506998
39500, 0.784112, 0.423513, 0.467741
40000, 0.784152, 0.434066, 0.472200
40500, 0.788272, 0.459175, 0.488132
41000, 0.781799, 0.436699, 0.471132
41500, 0.776751, 0.417165, 0.457497
42000, 0.777611, 0.450852, 0.474755
42500, 0.774897, 0.430828, 0.461914
43000, 0.766957, 0.402974, 0.441546
43500, 0.766830, 0.444731, 0.462945
44000, 0.771466, 0.423573, 0.455234
44500, 0.766460, 0.425933, 0.451986
45000, 0.755198, 0.381101, 0.420412
45500, 0.764474, 0.410260, 0.442361
46000, 0.769630, 0.409487, 0.447021
46500, 0.782348, 0.459551, 0.483420
47000, 0.777719, 0.424191, 0.461488
47500, 0.781461, 0.457338, 0.481469
48000, 0.778508, 0.447794, 0.473813
48500, 0.773121, 0.413614, 0.452305
49000, 0.771516, 0.432691, 0.459867
49500, 0.773321, 0.426080, 0.458158
50000, 0.777641, 0.457042, 0.478309
50500, 0.790297, 0.452934, 0.486801
51000, 0.804799, 0.499816, 0.523977
51500, 0.807101, 0.455144, 0.504565
52000, 0.825195, 0.520057, 0.551742
52500, 0.831849, 0.550820, 0.574380
53000, 0.832437, 0.549328, 0.573931
53500, 0.813455, 0.470474, 0.517341
54000, 0.835320, 0.573354, 0.590885
54500, 0.836497, 0.566854, 0.587515
55000, 0.831629, 0.538331, 0.566995
55500, 0.833654, 0.547038, 0.573526
56000, 0.825893, 0.517030, 0.550763
56500, 0.832417, 0.547441, 0.572809
57000, 0.834971, 0.569190, 0.587960
57500, 0.833285, 0.545470, 0.572339
58000, 0.833474, 0.548993, 0.574520
58500, 0.824567, 0.514828, 0.548471
59000, 0.834362, 0.564696, 0.584691
59500, 0.821844, 0.507641, 0.542411
60000, 0.833365, 0.560392, 0.581307
60500, 0.832467, 0.563204, 0.582459
61000, 0.826961, 0.523846, 0.555250
61500, 0.831460, 0.567233, 0.584397
62000, 0.820886, 0.504631, 0.540045
