# elements, balanced_accuracy_score, cohen_kappa_score, matthews_corrcoef
500, 0.597113, 0.120131, 0.155645
1000, 0.610236, 0.132335, 0.177465
1500, 0.638105, 0.186814, 0.221862
2000, 0.633481, 0.176164, 0.213842
2500, 0.608944, 0.136720, 0.174410
3000, 0.634978, 0.189176, 0.218258
3500, 0.641409, 0.207011, 0.231385
4000, 0.645157, 0.192599, 0.232656
4500, 0.651995, 0.205522, 0.244162
5000, 0.629433, 0.194465, 0.213701
5500, 0.650772, 0.212553, 0.244127
6000, 0.657852, 0.209513, 0.253012
6500, 0.667178, 0.232619, 0.269902
7000, 0.665390, 0.230276, 0.267051
7500, 0.666692, 0.231755, 0.269072
8000, 0.662029, 0.223395, 0.261115
8500, 0.670918, 0.243702, 0.277532
9000, 0.669858, 0.236498, 0.274266
9500, 0.670471, 0.254314, 0.280730
10000, 0.681165, 0.262901, 0.295635
10500, 0.670519, 0.245372, 0.277578
11000, 0.665518, 0.256949, 0.276937
11500, 0.674132, 0.238006, 0.280188
12000, 0.679572, 0.248459, 0.289582
12500, 0.688276, 0.275915, 0.308177
13000, 0.654073, 0.202620, 0.246764
13500, 0.601933, 0.143472, 0.164986
14000, 0.595221, 0.130882, 0.153365
14500, 0.591171, 0.129847, 0.147997
15000, 0.605041, 0.141728, 0.168685
15500, 0.590035, 0.130141, 0.146752
16000, 0.590248, 0.125232, 0.145620
16500, 0.585789, 0.116033, 0.137815
17000, 0.602147, 0.143060, 0.165144
17500, 0.582885, 0.113403, 0.133389
18000, 0.597611, 0.135994, 0.157631
18500, 0.605818, 0.144914, 0.170323
19000, 0.619699, 0.165371, 0.192973
19500, 0.600292, 0.141951, 0.162547
20000, 0.594386, 0.135455, 0.153531
20500, 0.602572, 0.127324, 0.164340
21000, 0.618873, 0.159854, 0.190813
21500, 0.645780, 0.223318, 0.242534
22000, 0.599553, 0.132990, 0.159674
22500, 0.587781, 0.120737, 0.141399
23000, 0.612530, 0.150080, 0.180456
23500, 0.620204, 0.167034, 0.194011
24000, 0.627994, 0.184053, 0.208314
24500, 0.589462, 0.131251, 0.146487
25000, 0.622651, 0.166993, 0.197228
25500, 0.638728, 0.200706, 0.226179
26000, 0.639689, 0.194705, 0.225604
26500, 0.671810, 0.232293, 0.275989
27000, 0.668537, 0.228895, 0.270910
27500, 0.679523, 0.248492, 0.289526
28000, 0.688761, 0.273762, 0.307976
28500, 0.692569, 0.276318, 0.313224
29000, 0.688635, 0.267017, 0.305735
29500, 0.701807, 0.299181, 0.331600
30000, 0.709335, 0.322823, 0.349246
30500, 0.695580, 0.277965, 0.317312
31000, 0.683700, 0.261255, 0.298089
31500, 0.701777, 0.298828, 0.331434
32000, 0.706713, 0.330667, 0.350765
32500, 0.703857, 0.312381, 0.339199
33000, 0.708373, 0.319874, 0.346972
33500, 0.709888, 0.317135, 0.347283
34000, 0.702759, 0.305864, 0.335277
34500, 0.715541, 0.322110, 0.355173
35000, 0.716911, 0.322828, 0.356905
35500, 0.717077, 0.349052, 0.369318
36000, 0.712356, 0.324067, 0.352746
36500, 0.705421, 0.319565, 0.344019
37000, 0.717572, 0.338515, 0.364391
37500, 0.715406, 0.331069, 0.358863
38000, 0.712103, 0.320467, 0.350941
38500, 0.713851, 0.306062, 0.347593
39000, 0.697251, 0.287374, 0.322271
39500, 0.676434, 0.240396, 0.283746
40000, 0.700077, 0.290297, 0.326480
40500, 0.689791, 0.272611, 0.308793
41000, 0.687070, 0.255065, 0.300885
41500, 0.666828, 0.229590, 0.268757
42000, 0.627236, 0.177521, 0.205535
42500, 0.656580, 0.210816, 0.251380
43000, 0.684196, 0.266129, 0.300190
43500, 0.674396, 0.271739, 0.292272
44000, 0.676308, 0.243595, 0.284240
44500, 0.664808, 0.232078, 0.266782
45000, 0.663206, 0.240815, 0.267742
45500, 0.645186, 0.198878, 0.233700
46000, 0.623545, 0.167717, 0.198575
46500, 0.653550, 0.215610, 0.248394
47000, 0.666032, 0.245070, 0.272411
47500, 0.671578, 0.242943, 0.278110
48000, 0.661330, 0.224019, 0.260350
48500, 0.652287, 0.212727, 0.246066
49000, 0.690044, 0.293364, 0.317196
49500, 0.687082, 0.291910, 0.313727
50000, 0.658280, 0.213209, 0.254125
50500, 0.655153, 0.224002, 0.252804
51000, 0.674231, 0.273769, 0.293113
51500, 0.649433, 0.226267, 0.247454
52000, 0.682798, 0.276148, 0.302435
52500, 0.728162, 0.429821, 0.431849
53000, 0.739659, 0.353937, 0.393283
53500, 0.724351, 0.336941, 0.370363
54000, 0.725673, 0.352269, 0.378512
54500, 0.710918, 0.314885, 0.347428
55000, 0.722128, 0.354928, 0.376713
55500, 0.719893, 0.337076, 0.365937
56000, 0.718203, 0.328188, 0.360411
56500, 0.709305, 0.314592, 0.345627
57000, 0.715192, 0.336108, 0.361029
57500, 0.723176, 0.330540, 0.366591
58000, 0.726829, 0.348634, 0.377897
58500, 0.732307, 0.347664, 0.382999
59000, 0.738214, 0.401385, 0.415975
59500, 0.729500, 0.346531, 0.379632
60000, 0.735619, 0.362185, 0.392561
60500, 0.735056, 0.359163, 0.390654
61000, 0.736532, 0.366247, 0.395309
61500, 0.732209, 0.335132, 0.378319
62000, 0.743681, 0.377495, 0.407341
62500, 0.739223, 0.364710, 0.397218
63000, 0.743070, 0.392651, 0.414520
63500, 0.739815, 0.356978, 0.394615
