# elements, balanced_accuracy_score, cohen_kappa_score, matthews_corrcoef
2000, 0.706890, 0.254760, 0.331751
4000, 0.729905, 0.349927, 0.381494
6000, 0.760506, 0.421027, 0.444370
8000, 0.788183, 0.473894, 0.496179
10000, 0.789481, 0.499111, 0.512845
12000, 0.805239, 0.530869, 0.543871
14000, 0.797391, 0.534721, 0.542459
16000, 0.778918, 0.478322, 0.492420
18000, 0.759240, 0.453856, 0.463978
20000, 0.749665, 0.419617, 0.435309
22000, 0.770969, 0.455091, 0.472248
24000, 0.769892, 0.452226, 0.469718
26000, 0.801370, 0.542591, 0.550256
28000, 0.836188, 0.581713, 0.596985
30000, 0.829575, 0.572673, 0.586875
32000, 0.823572, 0.571873, 0.582932
34000, 0.819751, 0.560851, 0.573019
36000, 0.824589, 0.566659, 0.579821
38000, 0.817877, 0.578622, 0.585224
40000, 0.789740, 0.507492, 0.518733
42000, 0.771927, 0.461524, 0.476955
44000, 0.760257, 0.446881, 0.459846
46000, 0.761314, 0.443242, 0.458169
48000, 0.765474, 0.457637, 0.470259
50000, 0.771478, 0.467348, 0.480468
52000, 0.831491, 0.580634, 0.593491
54000, 0.831211, 0.576699, 0.590601
56000, 0.835749, 0.582628, 0.597342
58000, 0.830423, 0.572360, 0.587169
60000, 0.830413, 0.571513, 0.586590
