# elements, balanced_accuracy_score, cohen_kappa_score, matthews_corrcoef
3000, 0.611201, 0.165274, 0.182881
6000, 0.633861, 0.192930, 0.218004
9000, 0.649500, 0.222020, 0.245800
12000, 0.667945, 0.241668, 0.273388
15000, 0.613250, 0.166699, 0.185639
18000, 0.597019, 0.139615, 0.157934
21000, 0.630697, 0.215027, 0.225088
24000, 0.604459, 0.147572, 0.169223
27000, 0.719165, 0.334949, 0.364274
30000, 0.711297, 0.331715, 0.355323
33000, 0.705518, 0.329809, 0.349299
36000, 0.714017, 0.343007, 0.363508
39000, 0.744527, 0.396825, 0.418011
42000, 0.678135, 0.263450, 0.292462
45000, 0.700029, 0.299274, 0.329750
48000, 0.679358, 0.250069, 0.289689
51000, 0.681400, 0.293728, 0.309735
54000, 0.768859, 0.453134, 0.469559
57000, 0.730996, 0.364290, 0.389273
60000, 0.741603, 0.377307, 0.405314
