# elements, balanced_accuracy_score, cohen_kappa_score, matthews_corrcoef
750, 0.539419, 0.033326, 0.122308
1500, 0.658084, 0.164653, 0.273650
2250, 0.697783, 0.228524, 0.321698
3000, 0.727607, 0.293982, 0.364218
3750, 0.730320, 0.296153, 0.368529
4500, 0.744194, 0.323521, 0.391340
5250, 0.754668, 0.350997, 0.410380
6000, 0.767674, 0.381217, 0.434513
6750, 0.781837, 0.409814, 0.460197
7500, 0.790356, 0.437218, 0.479798
8250, 0.791593, 0.449760, 0.486521
9000, 0.796880, 0.473032, 0.502783
9750, 0.803811, 0.467096, 0.506215
10500, 0.811531, 0.493191, 0.525951
11250, 0.816478, 0.504379, 0.536038
12000, 0.817775, 0.511076, 0.540695
12750, 0.823499, 0.507689, 0.543922
13500, 0.808189, 0.462124, 0.508468
14250, 0.784311, 0.414700, 0.464682
15000, 0.766746, 0.377819, 0.432404
15750, 0.765550, 0.377042, 0.430727
16500, 0.774527, 0.403413, 0.449756
17250, 0.758787, 0.360187, 0.417827
18000, 0.758997, 0.366943, 0.419870
18750, 0.748863, 0.340909, 0.400587
19500, 0.740165, 0.324591, 0.385773
20250, 0.749422, 0.352742, 0.404169
21000, 0.765531, 0.396673, 0.437491
21750, 0.756483, 0.358129, 0.414390
22500, 0.764732, 0.384106, 0.431983
23250, 0.764582, 0.380707, 0.430693
24000, 0.769940, 0.412261, 0.448540
24750, 0.766837, 0.392839, 0.437423
25500, 0.777379, 0.398160, 0.451219
26250, 0.809287, 0.485612, 0.520138
27000, 0.818652, 0.490624, 0.531268
27750, 0.825395, 0.515016, 0.549294
28500, 0.818083, 0.491141, 0.530961
29250, 0.823948, 0.510551, 0.545751
30000, 0.826841, 0.526849, 0.556767
30750, 0.830173, 0.545492, 0.569967
31500, 0.827111, 0.529672, 0.558535
32250, 0.832108, 0.550376, 0.574307
33000, 0.824527, 0.511921, 0.546957
33750, 0.830901, 0.542246, 0.568634
34500, 0.822293, 0.510155, 0.544083
35250, 0.827121, 0.540704, 0.564848
36000, 0.826372, 0.519429, 0.552421
36750, 0.833175, 0.543083, 0.570896
37500, 0.832417, 0.551039, 0.574931
38250, 0.806692, 0.454981, 0.504063
39000, 0.787812, 0.423839, 0.471852
39750, 0.781110, 0.415370, 0.461386
40500, 0.771374, 0.385550, 0.440244
41250, 0.769101, 0.388908, 0.438599
42000, 0.769161, 0.396330, 0.441259
42750, 0.768453, 0.407672, 0.445058
43500, 0.767357, 0.416510, 0.448029
44250, 0.765511, 0.397915, 0.437969
45000, 0.757003, 0.377480, 0.420980
45750, 0.766668, 0.401323, 0.440562
46500, 0.773709, 0.412393, 0.452391
47250, 0.769620, 0.402287, 0.444032
48000, 0.773132, 0.423916, 0.456948
48750, 0.770039, 0.406286, 0.446086
49500, 0.773281, 0.418272, 0.454496
50250, 0.786616, 0.451151, 0.482576
51000, 0.807541, 0.478878, 0.515256
51750, 0.824008, 0.514723, 0.547930
52500, 0.824736, 0.513597, 0.547991
53250, 0.830482, 0.535753, 0.564636
54000, 0.830272, 0.534947, 0.564020
54750, 0.833873, 0.551688, 0.576403
55500, 0.830212, 0.532450, 0.562600
56250, 0.824258, 0.511352, 0.546430
57000, 0.823619, 0.509456, 0.544908
57750, 0.827350, 0.522390, 0.554810
58500, 0.824597, 0.514119, 0.548134
59250, 0.827809, 0.531124, 0.559905
60000, 0.826113, 0.522738, 0.553944
60750, 0.831828, 0.541879, 0.569150
61500, 0.834462, 0.553262, 0.577775
