# elements, balanced_accuracy_score, cohen_kappa_score, matthews_corrcoef
3000, 0.759656, 0.390086, 0.428696
6000, 0.773530, 0.420580, 0.455779
9000, 0.794435, 0.453568, 0.490999
12000, 0.815222, 0.517415, 0.542188
15000, 0.783414, 0.427960, 0.468826
18000, 0.776922, 0.441748, 0.469254
21000, 0.761743, 0.432746, 0.452021
24000, 0.767448, 0.446007, 0.464166
27000, 0.829286, 0.562245, 0.579736
30000, 0.832986, 0.556564, 0.578679
33000, 0.832606, 0.545121, 0.571611
36000, 0.832418, 0.562976, 0.582281
39000, 0.813228, 0.526356, 0.546078
42000, 0.778199, 0.445092, 0.472107
45000, 0.765343, 0.440782, 0.459479
48000, 0.772126, 0.464102, 0.478747
51000, 0.802347, 0.524678, 0.537924
54000, 0.832766, 0.546333, 0.572433
57000, 0.833595, 0.567818, 0.586166
