# elements, balanced_accuracy_score, cohen_kappa_score, matthews_corrcoef
750, 0.554072, 0.060468, 0.089145
1500, 0.580574, 0.115339, 0.130972
2250, 0.617765, 0.158913, 0.189122
3000, 0.628858, 0.179700, 0.208135
3750, 0.644827, 0.195722, 0.232629
4500, 0.654376, 0.223964, 0.251898
5250, 0.646828, 0.203931, 0.236959
6000, 0.642992, 0.202370, 0.231747
6750, 0.659456, 0.225904, 0.258496
7500, 0.659562, 0.222908, 0.257826
8250, 0.647955, 0.209789, 0.239903
9000, 0.658018, 0.218267, 0.254740
9750, 0.651015, 0.214704, 0.245031
10500, 0.647868, 0.211240, 0.240226
11250, 0.654754, 0.216103, 0.250034
12000, 0.667265, 0.229502, 0.269316
12750, 0.652229, 0.216385, 0.246988
13500, 0.644653, 0.203446, 0.234088
14250, 0.622469, 0.193369, 0.206500
15000, 0.598272, 0.141223, 0.159911
15750, 0.600001, 0.149428, 0.164777
16500, 0.571356, 0.101859, 0.115901
17250, 0.578650, 0.106798, 0.126420
18000, 0.597911, 0.130469, 0.156998
18750, 0.586779, 0.111363, 0.138849
19500, 0.563565, 0.088283, 0.102584
20250, 0.574803, 0.096794, 0.119705
21000, 0.607808, 0.134722, 0.172637
21750, 0.621836, 0.169380, 0.196663
22500, 0.624936, 0.191918, 0.208094
23250, 0.648451, 0.214303, 0.241876
24000, 0.643449, 0.216915, 0.237422
24750, 0.625238, 0.209808, 0.217939
25500, 0.593510, 0.118622, 0.149635
26250, 0.636269, 0.178955, 0.218227
27000, 0.686246, 0.274617, 0.305467
27750, 0.686041, 0.269590, 0.303462
28500, 0.690966, 0.269123, 0.309182
29250, 0.700038, 0.288933, 0.325981
30000, 0.705828, 0.306393, 0.338692
30750, 0.695736, 0.289212, 0.321257
31500, 0.698931, 0.293328, 0.326276
32250, 0.700923, 0.315949, 0.338137
33000, 0.703050, 0.306540, 0.335857
33750, 0.702195, 0.300992, 0.332717
34500, 0.717212, 0.323845, 0.357624
35250, 0.715764, 0.307947, 0.350444
36000, 0.716668, 0.323590, 0.356948
36750, 0.705081, 0.322731, 0.345255
37500, 0.722962, 0.334833, 0.368061
38250, 0.716532, 0.321053, 0.355812
39000, 0.692744, 0.278420, 0.314102
39750, 0.683263, 0.263142, 0.298143
40500, 0.719018, 0.306754, 0.354096
41250, 0.709285, 0.288257, 0.337206
42000, 0.649432, 0.218995, 0.244598
42750, 0.690792, 0.291646, 0.317141
43500, 0.668025, 0.281316, 0.292292
44250, 0.704789, 0.315756, 0.341635
45000, 0.669772, 0.255005, 0.280277
45750, 0.627508, 0.176405, 0.205619
46500, 0.662332, 0.246740, 0.269219
47250, 0.657952, 0.255978, 0.269819
48000, 0.666208, 0.260352, 0.279215
48750, 0.659408, 0.247610, 0.266783
49500, 0.670103, 0.258265, 0.281983
50250, 0.655231, 0.222305, 0.252355
51000, 0.656582, 0.241275, 0.261145
51750, 0.678369, 0.274465, 0.297306
52500, 0.751676, 0.394536, 0.422944
53250, 0.748218, 0.392830, 0.418994
54000, 0.717145, 0.338587, 0.364029
54750, 0.719816, 0.342947, 0.368601
55500, 0.724663, 0.359029, 0.381039
56250, 0.709908, 0.319465, 0.348300
57000, 0.717251, 0.338569, 0.364119
57750, 0.715328, 0.320347, 0.354251
58500, 0.738883, 0.370949, 0.399739
59250, 0.714221, 0.332209, 0.358260
60000, 0.735901, 0.366261, 0.394721
60750, 0.728363, 0.349646, 0.379847
61500, 0.738495, 0.381792, 0.404846
62250, 0.731433, 0.360792, 0.387947
63000, 0.736620, 0.368326, 0.396377
