# elements, balanced_accuracy_score, cohen_kappa_score, matthews_corrcoef
1000, 0.553108, 0.052843, 0.096707
2000, 0.597766, 0.132305, 0.157067
3000, 0.614327, 0.153701, 0.183510
4000, 0.621340, 0.165849, 0.195243
5000, 0.611520, 0.151669, 0.179297
6000, 0.636056, 0.193637, 0.220819
7000, 0.649159, 0.201501, 0.239575
8000, 0.648004, 0.211232, 0.240386
9000, 0.656998, 0.221951, 0.254379
10000, 0.650519, 0.206076, 0.242262
11000, 0.653288, 0.213725, 0.247583
12000, 0.664584, 0.230944, 0.266202
13000, 0.674192, 0.258699, 0.286401
14000, 0.649587, 0.218017, 0.244427
15000, 0.609947, 0.154119, 0.177789
16000, 0.587646, 0.131003, 0.144433
17000, 0.601904, 0.142691, 0.164744
18000, 0.594260, 0.134674, 0.153140
19000, 0.609190, 0.157901, 0.177997
20000, 0.576252, 0.116815, 0.126863
21000, 0.626430, 0.173459, 0.203564
22000, 0.599243, 0.142754, 0.161534
23000, 0.617009, 0.171504, 0.191536
24000, 0.622128, 0.177048, 0.199234
25000, 0.614153, 0.168836, 0.187421
26000, 0.626614, 0.171599, 0.203458
27000, 0.691306, 0.282936, 0.314089
28000, 0.707595, 0.298548, 0.337876
29000, 0.701515, 0.302804, 0.332730
30000, 0.707130, 0.317093, 0.344509
31000, 0.693162, 0.291689, 0.319534
32000, 0.705022, 0.312216, 0.340274
33000, 0.699651, 0.304184, 0.331424
34000, 0.697990, 0.313694, 0.334391
35000, 0.708266, 0.319453, 0.346678
36000, 0.706208, 0.327137, 0.348487
37000, 0.709199, 0.335043, 0.355196
38000, 0.717359, 0.347704, 0.368834
39000, 0.718232, 0.334448, 0.363136
40000, 0.703953, 0.301328, 0.334735
41000, 0.689587, 0.271375, 0.308167
42000, 0.641681, 0.207069, 0.231709
43000, 0.659145, 0.222063, 0.257085
44000, 0.691065, 0.313595, 0.328620
45000, 0.671793, 0.257972, 0.283584
46000, 0.639931, 0.191218, 0.225149
47000, 0.668442, 0.263671, 0.282880
48000, 0.660923, 0.231694, 0.261998
49000, 0.678359, 0.271642, 0.296035
50000, 0.685790, 0.285909, 0.309687
51000, 0.647985, 0.216601, 0.242132
52000, 0.679068, 0.275492, 0.298449
53000, 0.753221, 0.418756, 0.437362
54000, 0.721506, 0.348427, 0.372831
55000, 0.722069, 0.343008, 0.370744
56000, 0.722409, 0.350515, 0.374685
57000, 0.719000, 0.348091, 0.370446
58000, 0.717611, 0.338798, 0.364563
59000, 0.725751, 0.362685, 0.383905
60000, 0.733434, 0.372509, 0.395631
61000, 0.735784, 0.367226, 0.395073
62000, 0.736202, 0.376707, 0.400208
63000, 0.733181, 0.364678, 0.391440
