# elements, balanced_accuracy_score, cohen_kappa_score, matthews_corrcoef
2000, 0.615182, 0.163087, 0.186697
4000, 0.619670, 0.172618, 0.194938
6000, 0.631666, 0.190582, 0.214696
8000, 0.653190, 0.214395, 0.247628
10000, 0.661243, 0.235555, 0.263665
12000, 0.665352, 0.239964, 0.269834
14000, 0.630395, 0.203617, 0.218742
16000, 0.592075, 0.139264, 0.152408
18000, 0.589035, 0.136905, 0.148359
20000, 0.590414, 0.130672, 0.147364
22000, 0.601487, 0.144380, 0.164696
24000, 0.583594, 0.111795, 0.134094
26000, 0.599272, 0.138479, 0.160355
28000, 0.694590, 0.295059, 0.322411
30000, 0.707937, 0.353696, 0.365217
32000, 0.706849, 0.328313, 0.349652
34000, 0.699777, 0.308125, 0.333319
36000, 0.711753, 0.324685, 0.352430
38000, 0.715095, 0.336569, 0.361165
40000, 0.715610, 0.328230, 0.357799
42000, 0.657699, 0.239687, 0.261531
44000, 0.672794, 0.286270, 0.298757
46000, 0.638125, 0.194317, 0.223539
48000, 0.644780, 0.216787, 0.238741
50000, 0.667374, 0.276005, 0.288626
52000, 0.635212, 0.204513, 0.223812
54000, 0.731473, 0.388700, 0.403378
56000, 0.722040, 0.353808, 0.376049
58000, 0.721982, 0.354902, 0.376575
60000, 0.734095, 0.374024, 0.396994
62000, 0.738408, 0.392134, 0.410531
