# elements, balanced_accuracy_score, cohen_kappa_score, matthews_corrcoef
1500, 0.666472, 0.176417, 0.283951
3000, 0.750628, 0.349684, 0.404864
4500, 0.763098, 0.401573, 0.437066
6000, 0.779705, 0.445380, 0.473547
7500, 0.795005, 0.483376, 0.506922
9000, 0.796093, 0.505467, 0.521230
10500, 0.813277, 0.501898, 0.531998
12000, 0.813397, 0.530334, 0.548691
13500, 0.817258, 0.561041, 0.571792
15000, 0.790357, 0.461111, 0.490943
16500, 0.782209, 0.472865, 0.491155
18000, 0.774548, 0.435282, 0.463841
19500, 0.758320, 0.399768, 0.431623
21000, 0.766769, 0.430244, 0.454560
22500, 0.773022, 0.422070, 0.455978
24000, 0.769731, 0.426249, 0.454990
25500, 0.795304, 0.486011, 0.508677
27000, 0.832388, 0.560681, 0.580810
28500, 0.829864, 0.565371, 0.582154
30000, 0.833086, 0.572625, 0.588984
31500, 0.830363, 0.563912, 0.581520
33000, 0.831470, 0.572246, 0.587729
34500, 0.826114, 0.553114, 0.571757
36000, 0.828109, 0.564301, 0.580338
37500, 0.828408, 0.568399, 0.583270
39000, 0.792921, 0.496024, 0.513057
40500, 0.781840, 0.471632, 0.490135
42000, 0.768395, 0.440120, 0.461395
43500, 0.762291, 0.426169, 0.448666
45000, 0.759647, 0.412107, 0.438898
46500, 0.781929, 0.451806, 0.478834
48000, 0.772005, 0.426995, 0.457400
49500, 0.778608, 0.455683, 0.478273
51000, 0.809847, 0.530491, 0.546451
52500, 0.830981, 0.556469, 0.577203
54000, 0.828748, 0.572305, 0.586136
55500, 0.835380, 0.577981, 0.593981
57000, 0.828857, 0.575208, 0.588208
58500, 0.833246, 0.573504, 0.589668
60000, 0.830972, 0.572494, 0.587592
