# elements, balanced_accuracy_score, cohen_kappa_score, matthews_corrcoef
4500, 0.641166, 0.207608, 0.231332
9000, 0.651744, 0.225723, 0.249633
13500, 0.694356, 0.278411, 0.315984
18000, 0.605187, 0.147810, 0.170188
22500, 0.625003, 0.184434, 0.205066
27000, 0.717261, 0.324340, 0.357871
31500, 0.714765, 0.345715, 0.365590
36000, 0.715232, 0.348616, 0.367561
40500, 0.755202, 0.422175, 0.440869
45000, 0.695737, 0.322776, 0.337536
49500, 0.693473, 0.306928, 0.326962
54000, 0.792006, 0.463604, 0.493665
58500, 0.746741, 0.391197, 0.416862
