# elements, balanced_accuracy_score, cohen_kappa_score, matthews_corrcoef
4000, 0.616689, 0.173996, 0.192128
8000, 0.642399, 0.203882, 0.231481
12000, 0.655454, 0.225319, 0.253587
16000, 0.595912, 0.144876, 0.158678
20000, 0.585295, 0.123607, 0.139131
24000, 0.621798, 0.177454, 0.198997
28000, 0.728839, 0.350758, 0.380810
32000, 0.703993, 0.316076, 0.341027
36000, 0.711142, 0.337918, 0.358369
40000, 0.745653, 0.374989, 0.408104
44000, 0.711821, 0.312515, 0.347484
48000, 0.685120, 0.285525, 0.308867
52000, 0.691958, 0.300249, 0.322259
56000, 0.731627, 0.361136, 0.388293
60000, 0.734959, 0.367902, 0.394641
