# elements, balanced_accuracy_score, cohen_kappa_score, matthews_corrcoef
4500, 0.764383, 0.389390, 0.433461
9000, 0.801628, 0.490369, 0.516114
13500, 0.832407, 0.553617, 0.576471
18000, 0.771357, 0.439660, 0.463485
22500, 0.764903, 0.400270, 0.438315
27000, 0.815731, 0.522303, 0.545433
31500, 0.831121, 0.549230, 0.572891
36000, 0.822763, 0.561961, 0.575517
40500, 0.801079, 0.482032, 0.511112
45000, 0.767816, 0.430376, 0.455500
49500, 0.779556, 0.461581, 0.482421
54000, 0.835489, 0.553018, 0.578405
