# elements, balanced_accuracy_score, cohen_kappa_score, matthews_corrcoef
1000, 0.580423, 0.072267, 0.182092
2000, 0.710459, 0.243238, 0.342284
3000, 0.745720, 0.318521, 0.393244
4000, 0.756513, 0.361136, 0.415210
5000, 0.767176, 0.386937, 0.435731
6000, 0.776402, 0.411809, 0.454965
7000, 0.784241, 0.419663, 0.466400
8000, 0.789420, 0.485715, 0.504179
9000, 0.794456, 0.461329, 0.494704
10000, 0.800410, 0.464366, 0.501699
11000, 0.810663, 0.493137, 0.525163
12000, 0.814863, 0.519044, 0.542860
13000, 0.815859, 0.474412, 0.521443
14000, 0.799521, 0.442682, 0.491645
15000, 0.786984, 0.426824, 0.472090
16000, 0.762148, 0.359454, 0.422042
17000, 0.777360, 0.419036, 0.458903
18000, 0.766618, 0.396957, 0.438752
19000, 0.755586, 0.372315, 0.417565
20000, 0.750100, 0.357698, 0.406440
21000, 0.762179, 0.388059, 0.430565
22000, 0.768523, 0.399625, 0.441821
23000, 0.757251, 0.361977, 0.416351
24000, 0.765202, 0.394173, 0.436158
25000, 0.775545, 0.418593, 0.456880
26000, 0.808958, 0.486146, 0.520107
27000, 0.829674, 0.536578, 0.564448
28000, 0.833694, 0.564109, 0.583865
29000, 0.831819, 0.555488, 0.577187
30000, 0.833584, 0.557425, 0.579634
31000, 0.827501, 0.563748, 0.579590
32000, 0.828088, 0.526952, 0.557860
33000, 0.833574, 0.555173, 0.578261
34000, 0.828876, 0.538360, 0.564829
35000, 0.823351, 0.551057, 0.568603
36000, 0.832447, 0.556722, 0.578392
37000, 0.835429, 0.557096, 0.580776
38000, 0.824378, 0.522349, 0.552283
39000, 0.791154, 0.441453, 0.482395
40000, 0.784112, 0.435908, 0.472984
41000, 0.774607, 0.406687, 0.451063
42000, 0.773979, 0.422777, 0.457218
43000, 0.766469, 0.409505, 0.443914
44000, 0.771017, 0.423516, 0.454793
45000, 0.753352, 0.370198, 0.414312
46000, 0.759925, 0.378017, 0.424440
47000, 0.770577, 0.400462, 0.444346
48000, 0.775346, 0.423634, 0.458923
49000, 0.766657, 0.392765, 0.437199
50000, 0.781600, 0.442078, 0.473544
51000, 0.807411, 0.476589, 0.514047
52000, 0.828048, 0.527281, 0.558003
53000, 0.830163, 0.533077, 0.562902
54000, 0.832267, 0.548208, 0.573144
55000, 0.837155, 0.572887, 0.591784
56000, 0.838132, 0.562928, 0.586264
57000, 0.834911, 0.554073, 0.578590
58000, 0.835339, 0.556891, 0.580587
59000, 0.831190, 0.542773, 0.569162
60000, 0.832328, 0.561416, 0.581232
61000, 0.832217, 0.543763, 0.570529
