# elements, balanced_accuracy_score, cohen_kappa_score, matthews_corrcoef
250, 0.514739, 0.024381, 0.025461
500, 0.545324, 0.062741, 0.073097
750, 0.536337, 0.046099, 0.058147
1000, 0.542331, 0.055628, 0.067794
1250, 0.554831, 0.068291, 0.087825
1500, 0.562963, 0.085463, 0.101199
1750, 0.566926, 0.089834, 0.107404
2000, 0.567129, 0.086384, 0.107412
2250, 0.573871, 0.099361, 0.118580
2500, 0.570481, 0.094942, 0.113161
2750, 0.573113, 0.096021, 0.117086
3000, 0.575658, 0.098650, 0.121110
3250, 0.572335, 0.090193, 0.115851
3500, 0.603798, 0.141292, 0.166905
3750, 0.588984, 0.114949, 0.142393
4000, 0.603098, 0.136913, 0.165258
4250, 0.618203, 0.166321, 0.191306
4500, 0.619854, 0.167733, 0.193739
4750, 0.620894, 0.173077, 0.196518
5000, 0.620904, 0.179188, 0.198644
5250, 0.617261, 0.164164, 0.189563
5500, 0.623789, 0.181008, 0.202479
5750, 0.621623, 0.177925, 0.198966
6000, 0.639203, 0.190945, 0.224122
6250, 0.636134, 0.194486, 0.221166
6500, 0.642223, 0.188354, 0.227915
6750, 0.648304, 0.202466, 0.238583
7000, 0.653939, 0.218029, 0.249536
7250, 0.646401, 0.208209, 0.237564
7500, 0.651548, 0.205278, 0.243506
7750, 0.655006, 0.206022, 0.248484
8000, 0.650782, 0.221276, 0.246917
8250, 0.654696, 0.213391, 0.249321
8500, 0.659563, 0.226130, 0.258691
8750, 0.650258, 0.219315, 0.245634
9000, 0.651461, 0.209675, 0.244275
9250, 0.663962, 0.223562, 0.263719
9500, 0.670744, 0.259934, 0.283348
9750, 0.669626, 0.248134, 0.277490
10000, 0.673677, 0.258142, 0.285634
10250, 0.665693, 0.259380, 0.278269
10500, 0.664332, 0.230750, 0.265836
10750, 0.661972, 0.238140, 0.265402
11000, 0.665954, 0.231804, 0.268145
11250, 0.668110, 0.235906, 0.271909
11500, 0.664759, 0.227597, 0.265611
11750, 0.665060, 0.234532, 0.267780
12000, 0.663039, 0.220074, 0.261840
12250, 0.677388, 0.281599, 0.299876
12500, 0.668256, 0.235725, 0.272044
12750, 0.623632, 0.164769, 0.198245
13000, 0.596600, 0.126911, 0.154703
13250, 0.564584, 0.081247, 0.103379
13500, 0.558289, 0.069793, 0.093886
13750, 0.593570, 0.127590, 0.150500
14000, 0.610337, 0.178763, 0.188454
14250, 0.607452, 0.165300, 0.179082
14500, 0.601183, 0.123241, 0.162481
14750, 0.598670, 0.147065, 0.162436
15000, 0.606557, 0.157104, 0.174763
15250, 0.606663, 0.143429, 0.171214
15500, 0.597020, 0.149122, 0.161636
15750, 0.597777, 0.146522, 0.161280
16000, 0.581147, 0.118003, 0.132503
16250, 0.569102, 0.093929, 0.111090
16500, 0.574134, 0.106536, 0.120633
16750, 0.590140, 0.119534, 0.144469
17000, 0.590985, 0.119231, 0.145687
17250, 0.572919, 0.096477, 0.116843
17500, 0.557844, 0.079734, 0.093214
17750, 0.578212, 0.101274, 0.125163
18000, 0.582517, 0.120048, 0.134758
18250, 0.598883, 0.141063, 0.160586
18500, 0.569002, 0.078849, 0.112687
18750, 0.599582, 0.136778, 0.160369
19000, 0.606004, 0.153123, 0.172747
19250, 0.588265, 0.113129, 0.141226
19500, 0.565014, 0.100085, 0.108386
19750, 0.577532, 0.103128, 0.124299
20000, 0.581410, 0.124580, 0.135383
20250, 0.587898, 0.127942, 0.143568
20500, 0.595861, 0.123249, 0.153384
20750, 0.629451, 0.175554, 0.208036
21000, 0.623284, 0.181286, 0.202019
21250, 0.601126, 0.130930, 0.161832
21500, 0.619991, 0.180786, 0.198322
21750, 0.598047, 0.130269, 0.157170
22000, 0.584575, 0.116351, 0.136240
22250, 0.580729, 0.110076, 0.129845
22500, 0.579777, 0.108512, 0.128265
22750, 0.566109, 0.086788, 0.105868
23000, 0.586022, 0.116691, 0.138249
23250, 0.592006, 0.131340, 0.149444
23500, 0.620214, 0.172391, 0.195502
23750, 0.621058, 0.160357, 0.194001
24000, 0.632775, 0.209478, 0.223795
24250, 0.584996, 0.152866, 0.155068
24500, 0.528598, 0.041543, 0.046682
24750, 0.538181, 0.042564, 0.063043
25000, 0.571114, 0.105132, 0.116739
25250, 0.576796, 0.119154, 0.128462
25500, 0.609286, 0.151314, 0.176261
25750, 0.622389, 0.164186, 0.196398
26000, 0.626752, 0.189499, 0.208895
26250, 0.667829, 0.246503, 0.274909
26500, 0.666556, 0.231571, 0.268854
26750, 0.684042, 0.289416, 0.309733
27000, 0.674822, 0.236201, 0.280799
27250, 0.674977, 0.234203, 0.280711
27500, 0.680932, 0.258497, 0.293949
27750, 0.680291, 0.266910, 0.296105
28000, 0.681846, 0.267508, 0.298021
28250, 0.674550, 0.243588, 0.281979
28500, 0.679717, 0.243050, 0.288701
28750, 0.691967, 0.277444, 0.312883
29000, 0.685332, 0.262748, 0.300498
29250, 0.678882, 0.247475, 0.288463
29500, 0.692802, 0.289731, 0.318352
29750, 0.698951, 0.297784, 0.328022
30000, 0.701282, 0.307784, 0.334625
30250, 0.695396, 0.300215, 0.325482
30500, 0.681612, 0.258205, 0.294677
30750, 0.686926, 0.284230, 0.310054
31000, 0.678329, 0.252163, 0.288957
31250, 0.680155, 0.260148, 0.293558
31500, 0.693890, 0.288692, 0.319076
31750, 0.704352, 0.312798, 0.339870
32000, 0.710530, 0.326190, 0.351949
32250, 0.704799, 0.328855, 0.348185
32500, 0.695465, 0.315223, 0.333049
32750, 0.693375, 0.282063, 0.316055
33000, 0.695833, 0.292505, 0.322636
33250, 0.694970, 0.319713, 0.335169
33500, 0.693754, 0.282940, 0.316788
33750, 0.695240, 0.288505, 0.320454
34000, 0.689636, 0.290695, 0.315584
34250, 0.692938, 0.288382, 0.317947
34500, 0.694007, 0.294794, 0.321712
34750, 0.686654, 0.275349, 0.306185
35000, 0.689442, 0.283217, 0.312210
35250, 0.694814, 0.306069, 0.327719
35500, 0.702206, 0.336892, 0.350746
35750, 0.698698, 0.295723, 0.326938
36000, 0.699164, 0.283318, 0.323203
36250, 0.697340, 0.332367, 0.344509
36500, 0.703186, 0.307178, 0.336264
36750, 0.703458, 0.309759, 0.337646
37000, 0.700457, 0.303446, 0.331914
37250, 0.702098, 0.303481, 0.333611
37500, 0.707606, 0.322892, 0.347644
37750, 0.701875, 0.310635, 0.336486
38000, 0.699437, 0.301636, 0.330113
38250, 0.699194, 0.313748, 0.335486
38500, 0.697581, 0.285215, 0.321922
38750, 0.673499, 0.215941, 0.277915
39000, 0.673891, 0.262651, 0.287682
39250, 0.647371, 0.185591, 0.235884
39500, 0.674532, 0.264674, 0.289190
39750, 0.660494, 0.216312, 0.257700
40000, 0.682068, 0.259618, 0.295644
40250, 0.664866, 0.231784, 0.266775
40500, 0.657202, 0.213281, 0.252650
40750, 0.635532, 0.190232, 0.219226
41000, 0.632151, 0.176334, 0.211932
41250, 0.627577, 0.186966, 0.208825
41500, 0.614309, 0.173003, 0.189257
41750, 0.617591, 0.164858, 0.190156
42000, 0.607907, 0.154753, 0.175491
42250, 0.609024, 0.156813, 0.177452
42500, 0.615523, 0.171346, 0.189854
42750, 0.634686, 0.180669, 0.216129
43000, 0.612891, 0.165896, 0.184949
43250, 0.604304, 0.149738, 0.169678
43500, 0.610220, 0.174790, 0.186235
43750, 0.630315, 0.176705, 0.209421
44000, 0.631957, 0.182847, 0.212859
44250, 0.624915, 0.178402, 0.202923
44500, 0.621826, 0.174089, 0.197935
44750, 0.616824, 0.169948, 0.190782
45000, 0.619272, 0.177064, 0.196076
45250, 0.619815, 0.161507, 0.192386
45500, 0.589080, 0.109627, 0.142850
45750, 0.587683, 0.120761, 0.141276
46000, 0.599894, 0.150941, 0.165287
46250, 0.609929, 0.173746, 0.185445
46500, 0.607818, 0.140680, 0.172598
46750, 0.635154, 0.203792, 0.223450
47000, 0.597853, 0.133926, 0.157487
47250, 0.585050, 0.106587, 0.136168
47500, 0.619478, 0.197326, 0.206210
47750, 0.604010, 0.127399, 0.166888
48000, 0.612550, 0.158734, 0.182256
48250, 0.609316, 0.160771, 0.179140
48500, 0.601573, 0.137884, 0.163259
48750, 0.620010, 0.177320, 0.196970
49000, 0.644769, 0.198393, 0.233045
49250, 0.664071, 0.254593, 0.274463
49500, 0.669656, 0.261868, 0.283156
49750, 0.639911, 0.179413, 0.223861
50000, 0.650783, 0.240986, 0.255747
50250, 0.626352, 0.166902, 0.202435
50500, 0.614318, 0.168164, 0.187350
50750, 0.591093, 0.129313, 0.147747
51000, 0.596026, 0.126112, 0.153781
51250, 0.608470, 0.148037, 0.174491
51500, 0.611792, 0.154778, 0.180301
51750, 0.637242, 0.203498, 0.225524
52000, 0.648605, 0.202579, 0.239010
52250, 0.688877, 0.265907, 0.305727
52500, 0.720400, 0.377353, 0.388704
52750, 0.702000, 0.291626, 0.329133
53000, 0.726061, 0.351915, 0.378701
53250, 0.719183, 0.317227, 0.357392
53500, 0.730647, 0.372942, 0.393532
53750, 0.717406, 0.326368, 0.358840
54000, 0.708383, 0.326133, 0.349928
54250, 0.692918, 0.267621, 0.311265
54500, 0.697396, 0.286492, 0.322134
54750, 0.711453, 0.327879, 0.353613
55000, 0.712239, 0.320666, 0.351163
55250, 0.704332, 0.306668, 0.337230
55500, 0.707353, 0.315556, 0.344052
55750, 0.716183, 0.335078, 0.361460
56000, 0.712065, 0.340426, 0.360486
56250, 0.708462, 0.343182, 0.359142
56500, 0.702301, 0.289027, 0.328667
56750, 0.713959, 0.337546, 0.360624
57000, 0.719787, 0.358952, 0.376998
57250, 0.721370, 0.347942, 0.372467
57500, 0.711520, 0.311897, 0.346925
57750, 0.707897, 0.311657, 0.342967
58000, 0.707548, 0.327131, 0.349668
58250, 0.715882, 0.342414, 0.364800
58500, 0.718173, 0.314875, 0.355451
58750, 0.729063, 0.352107, 0.381637
59000, 0.724489, 0.384989, 0.396333
59250, 0.718516, 0.378958, 0.388608
59500, 0.701671, 0.302250, 0.332666
59750, 0.706129, 0.304766, 0.338390
60000, 0.717222, 0.335907, 0.362831
60250, 0.724468, 0.344713, 0.373832
60500, 0.718494, 0.328231, 0.360729
60750, 0.718135, 0.325186, 0.359129
61000, 0.719953, 0.366210, 0.381378
61250, 0.726828, 0.336101, 0.372648
61500, 0.730694, 0.349396, 0.382057
61750, 0.720796, 0.328255, 0.363159
62000, 0.726762, 0.381396, 0.395545
62250, 0.717028, 0.343779, 0.366504
62500, 0.709811, 0.315919, 0.346695
62750, 0.710404, 0.335711, 0.356574
63000, 0.708188, 0.312879, 0.343768
63250, 0.722709, 0.320257, 0.362466
63500, 0.732783, 0.352753, 0.385599
63750, 0.731073, 0.356772, 0.385710
64000, 0.729820, 0.343785, 0.378836
