# elements, balanced_accuracy_score, cohen_kappa_score, matthews_corrcoef
250, 0.590008, 0.112346, 0.144146
500, 0.555258, 0.048492, 0.137145
750, 0.569342, 0.061666, 0.162927
1000, 0.635332, 0.135578, 0.244283
1250, 0.681893, 0.202405, 0.300623
1500, 0.681135, 0.198876, 0.301572
1750, 0.707338, 0.245302, 0.334885
2000, 0.719707, 0.271542, 0.352161
2250, 0.728594, 0.292007, 0.365759
2500, 0.732325, 0.301024, 0.371802
2750, 0.747986, 0.361859, 0.405362
3000, 0.744874, 0.348626, 0.397466
3250, 0.718420, 0.266556, 0.350644
3500, 0.744424, 0.332173, 0.392932
3750, 0.751699, 0.403253, 0.427433
4000, 0.754978, 0.365682, 0.414678
4250, 0.759376, 0.368441, 0.420761
4500, 0.768164, 0.397885, 0.440763
4750, 0.761749, 0.358980, 0.421415
5000, 0.777350, 0.419012, 0.458882
5250, 0.776004, 0.430604, 0.462820
5500, 0.775266, 0.432847, 0.463247
5750, 0.772631, 0.392982, 0.444018
6000, 0.779595, 0.443031, 0.472238
6250, 0.778916, 0.418793, 0.460401
6500, 0.776551, 0.396946, 0.449865
6750, 0.791723, 0.463083, 0.493151
7000, 0.788690, 0.425160, 0.473301
7250, 0.796540, 0.460857, 0.496400
7500, 0.796979, 0.465861, 0.499229
7750, 0.793088, 0.437235, 0.482654
8000, 0.796023, 0.494709, 0.514398
8250, 0.798685, 0.467505, 0.501589
8500, 0.786026, 0.411873, 0.465699
8750, 0.786818, 0.507520, 0.517152
9000, 0.800211, 0.472249, 0.505315
9250, 0.798754, 0.459142, 0.497708
9500, 0.805217, 0.477954, 0.512669
9750, 0.809546, 0.492275, 0.523746
10000, 0.810933, 0.500964, 0.529536
10250, 0.810315, 0.500366, 0.528700
10500, 0.795272, 0.431103, 0.482742
10750, 0.812030, 0.491477, 0.525527
11000, 0.814654, 0.525950, 0.546837
11250, 0.817286, 0.514013, 0.541898
11500, 0.813428, 0.533261, 0.550581
11750, 0.816229, 0.508651, 0.538097
12000, 0.811630, 0.484456, 0.521730
12250, 0.820389, 0.542317, 0.561028
12500, 0.822294, 0.534191, 0.557382
12750, 0.824557, 0.515289, 0.548700
13000, 0.786025, 0.390105, 0.460069
13250, 0.808617, 0.456651, 0.506774
13500, 0.807235, 0.555364, 0.562642
13750, 0.789108, 0.410465, 0.468932
14000, 0.777956, 0.383649, 0.448030
14250, 0.792552, 0.477355, 0.501564
14500, 0.788481, 0.447573, 0.482549
14750, 0.776032, 0.397979, 0.449588
15000, 0.778915, 0.414925, 0.458856
15250, 0.774068, 0.402023, 0.448744
15500, 0.782717, 0.454365, 0.480867
15750, 0.777978, 0.419610, 0.459775
16000, 0.777829, 0.425340, 0.462107
16250, 0.776512, 0.420034, 0.458472
16500, 0.777181, 0.426104, 0.461821
16750, 0.782119, 0.466355, 0.487163
17000, 0.777769, 0.427196, 0.462887
17250, 0.769570, 0.393130, 0.440565
17500, 0.775715, 0.428512, 0.461548
17750, 0.772104, 0.412990, 0.451013
18000, 0.770428, 0.411494, 0.448688
18250, 0.773861, 0.443082, 0.467410
18500, 0.766488, 0.401568, 0.440479
18750, 0.763746, 0.396585, 0.435594
19000, 0.765542, 0.430781, 0.453854
19250, 0.753871, 0.368395, 0.414276
19500, 0.751976, 0.367841, 0.411940
19750, 0.754689, 0.380078, 0.419469
20000, 0.757653, 0.409524, 0.435827
20250, 0.757572, 0.397919, 0.430051
20500, 0.755108, 0.375150, 0.418041
20750, 0.762818, 0.400297, 0.436229
21000, 0.764635, 0.438287, 0.457466
21250, 0.765222, 0.395893, 0.436854
21500, 0.764303, 0.384544, 0.431644
21750, 0.773012, 0.418511, 0.454340
22000, 0.771785, 0.416602, 0.452285
22250, 0.773521, 0.433776, 0.462169
22500, 0.764922, 0.393513, 0.435604
22750, 0.765052, 0.395489, 0.436516
23000, 0.764374, 0.395201, 0.435687
23250, 0.761242, 0.383663, 0.427908
23500, 0.764254, 0.398750, 0.437015
23750, 0.762202, 0.439275, 0.456294
24000, 0.761073, 0.395117, 0.432246
24250, 0.757422, 0.378777, 0.421915
24500, 0.765881, 0.420304, 0.448567
24750, 0.768644, 0.428952, 0.455442
25000, 0.766967, 0.397123, 0.439189
25250, 0.771026, 0.390912, 0.441482
25500, 0.789729, 0.483333, 0.502939
25750, 0.800042, 0.484210, 0.511420
26000, 0.807682, 0.514245, 0.534690
26250, 0.813337, 0.504363, 0.533373
26500, 0.805465, 0.448306, 0.500234
26750, 0.826243, 0.529652, 0.557823
27000, 0.831779, 0.552323, 0.575231
27250, 0.834402, 0.564393, 0.584528
27500, 0.827719, 0.524947, 0.556477
27750, 0.831509, 0.539158, 0.567361
28000, 0.835110, 0.557924, 0.581041
28250, 0.814293, 0.476861, 0.520872
28500, 0.816846, 0.485819, 0.527339
28750, 0.832178, 0.563728, 0.582599
29000, 0.833076, 0.563036, 0.582765
29250, 0.826971, 0.519701, 0.553080
29500, 0.820946, 0.497307, 0.536554
29750, 0.835430, 0.570709, 0.589241
30000, 0.834901, 0.555211, 0.579259
30250, 0.833824, 0.557253, 0.579702
30500, 0.831410, 0.563111, 0.581692
30750, 0.829565, 0.564930, 0.581673
31000, 0.825337, 0.562820, 0.577636
31250, 0.829515, 0.543250, 0.568152
31500, 0.808897, 0.461798, 0.509077
31750, 0.823522, 0.569002, 0.580860
32000, 0.831141, 0.562196, 0.580926
32250, 0.830781, 0.539773, 0.567129
32500, 0.829526, 0.571917, 0.586330
32750, 0.817415, 0.487496, 0.528648
33000, 0.832777, 0.563242, 0.582692
33250, 0.832218, 0.553660, 0.576359
33500, 0.814852, 0.480666, 0.523085
33750, 0.824978, 0.565993, 0.579587
34000, 0.830642, 0.547783, 0.571674
34250, 0.815350, 0.485586, 0.525784
34500, 0.830811, 0.552405, 0.574580
34750, 0.830722, 0.563460, 0.581462
35000, 0.828917, 0.567311, 0.582848
35250, 0.829954, 0.561908, 0.579954
35500, 0.828647, 0.534607, 0.562521
35750, 0.831210, 0.548141, 0.572310
36000, 0.830523, 0.567751, 0.584142
36250, 0.828716, 0.526418, 0.558103
36500, 0.834612, 0.568855, 0.587506
36750, 0.836507, 0.571567, 0.590507
37000, 0.830701, 0.531622, 0.562557
37250, 0.834403, 0.577965, 0.593370
37500, 0.829007, 0.576224, 0.589002
37750, 0.832647, 0.563336, 0.582664
38000, 0.805565, 0.444887, 0.499137
38250, 0.793466, 0.414426, 0.475370
38500, 0.806375, 0.494133, 0.522052
38750, 0.800880, 0.504364, 0.523783
39000, 0.790795, 0.450609, 0.486158
39250, 0.783833, 0.423257, 0.467345
39500, 0.784901, 0.443057, 0.477053
39750, 0.782818, 0.477246, 0.494306
40000, 0.777699, 0.411905, 0.456386
40250, 0.777479, 0.412568, 0.456407
40500, 0.786118, 0.464533, 0.489229
40750, 0.785400, 0.451768, 0.481807
41000, 0.780831, 0.436038, 0.469911
41250, 0.778946, 0.430870, 0.465705
41500, 0.781311, 0.456595, 0.480935
41750, 0.771937, 0.472225, 0.484037
42000, 0.775166, 0.422453, 0.458213
42250, 0.755904, 0.354448, 0.412765
42500, 0.772624, 0.451362, 0.471183
42750, 0.771965, 0.436686, 0.462365
43000, 0.767237, 0.405253, 0.442795
43250, 0.768913, 0.433912, 0.458328
43500, 0.767926, 0.439168, 0.460484
43750, 0.766838, 0.410705, 0.444817
44000, 0.769072, 0.422402, 0.452474
44250, 0.757584, 0.443797, 0.456123
44500, 0.764344, 0.403707, 0.439239
44750, 0.749901, 0.351360, 0.404381
45000, 0.758192, 0.420982, 0.442482
45250, 0.761742, 0.412833, 0.441114
45500, 0.756025, 0.370483, 0.417444
45750, 0.766259, 0.404064, 0.441302
46000, 0.771815, 0.429127, 0.458296
46250, 0.772713, 0.425767, 0.457445
46500, 0.777401, 0.437119, 0.467297
46750, 0.773300, 0.410334, 0.451121
47000, 0.777560, 0.438000, 0.467883
47250, 0.777651, 0.449160, 0.473849
47500, 0.776832, 0.433240, 0.464862
47750, 0.777859, 0.434167, 0.466255
48000, 0.776912, 0.437856, 0.467235
48250, 0.773252, 0.432354, 0.461204
48500, 0.765780, 0.396868, 0.437831
48750, 0.772085, 0.433721, 0.460895
49000, 0.767827, 0.438145, 0.459820
49250, 0.770449, 0.433450, 0.459359
49500, 0.771067, 0.422852, 0.454517
49750, 0.770518, 0.417659, 0.451545
50000, 0.772455, 0.458440, 0.475368
50250, 0.782967, 0.459517, 0.483896
50500, 0.785249, 0.426769, 0.470234
50750, 0.797677, 0.461380, 0.497714
51000, 0.809907, 0.520409, 0.540060
51250, 0.814563, 0.502321, 0.533316
51500, 0.809435, 0.461818, 0.509652
51750, 0.824836, 0.523037, 0.553037
52000, 0.828567, 0.544508, 0.568184
52250, 0.826035, 0.571647, 0.584122
52500, 0.813605, 0.475396, 0.519551
52750, 0.828238, 0.532891, 0.561233
53000, 0.833185, 0.562098, 0.582249
53250, 0.833165, 0.551663, 0.575858
53500, 0.826053, 0.518588, 0.551707
53750, 0.832746, 0.551079, 0.575199
54000, 0.831779, 0.549313, 0.573430
54250, 0.831460, 0.560772, 0.580234
54500, 0.825018, 0.570807, 0.582962
54750, 0.833315, 0.552116, 0.576239
55000, 0.818841, 0.493234, 0.532656
55250, 0.835260, 0.559148, 0.581890
55500, 0.834891, 0.561306, 0.582946
55750, 0.826133, 0.518197, 0.551574
56000, 0.836048, 0.560518, 0.583292
56250, 0.836666, 0.563053, 0.585282
56500, 0.832716, 0.544846, 0.571539
56750, 0.831200, 0.537922, 0.566422
57000, 0.834232, 0.556214, 0.579368
57250, 0.834711, 0.554017, 0.578408
57500, 0.831740, 0.574819, 0.589630
57750, 0.817654, 0.489089, 0.529605
58000, 0.834432, 0.568651, 0.587256
58250, 0.830224, 0.575820, 0.589419
58500, 0.821804, 0.503786, 0.540460
58750, 0.835091, 0.572991, 0.590500
59000, 0.824190, 0.572845, 0.583959
59250, 0.832128, 0.542235, 0.569588
59500, 0.809056, 0.463290, 0.509845
59750, 0.834582, 0.559231, 0.581453
60000, 0.833036, 0.571437, 0.588166
60250, 0.834712, 0.570912, 0.588900
60500, 0.835549, 0.568482, 0.587895
60750, 0.834881, 0.574308, 0.591230
61000, 0.832117, 0.538262, 0.567351
61250, 0.836068, 0.559114, 0.582457
61500, 0.825826, 0.577859, 0.588434
61750, 0.835080, 0.556101, 0.579923
62000, 0.823530, 0.511434, 0.545825
62250, 0.822155, 0.570622, 0.581281
