# elements, balanced_accuracy_score, cohen_kappa_score, matthews_corrcoef
4000, 0.742470, 0.339805, 0.392066
8000, 0.793977, 0.465676, 0.496456
12000, 0.815253, 0.534434, 0.552550
16000, 0.780572, 0.432411, 0.467972
20000, 0.763148, 0.414523, 0.443219
24000, 0.769570, 0.403564, 0.444489
28000, 0.833226, 0.568174, 0.586154
32000, 0.830353, 0.568893, 0.584794
36000, 0.829355, 0.548862, 0.571377
40000, 0.803991, 0.482213, 0.513712
44000, 0.772374, 0.421506, 0.455100
48000, 0.775137, 0.434606, 0.464015
52000, 0.815860, 0.514345, 0.540937
56000, 0.830711, 0.533061, 0.563345
