# stream_name, soft, soft weighted, soft smoke weighted, hard, hard weighted, hard smoke weighted
imb_20_id_s_hyp_r1_s_hyp_r2 0.5423624516873378 0.5436162991377953 0.5435777530121253 0.559775986512337 0.5585145299189972 0.5588092354058194
imb_20_id_s_hyp_r1_s_hyp_r3 0.5279904370296313 0.5295426654418125 0.5296028833370612 0.5459347700214402 0.545180271300431 0.5456493119306436
imb_20_id_s_hyp_r1_s_rbf_r1 0.4602197411334769 0.461506485157942 0.46142122879779 0.46545956848792214 0.4744080765356519 0.4741185899270181
imb_20_id_s_hyp_r2_s_hyp_r3 0.48230435112482334 0.48401787633775845 0.48431249287705225 0.5004981044983806 0.4991574576996864 0.4994084543129579
imb_20_id_s_hyp_r2_s_rbf_r2 0.3279072141878878 0.32993109278866517 0.32998315728233785 0.34640662405764044 0.3470824809218521 0.347858085293808
imb_20_id_s_hyp_r3_s_rbf_r3 0.2696012057149408 0.27095658359498315 0.2708923648374148 0.2836986708376494 0.28470114668654417 0.28458660637644323
imb_20_id_s_rbf_r1_s_rbf_r2 0.41632730688126135 0.4168547050587575 0.41683781131530667 0.41257373532916763 0.4263246571288488 0.42674616534040133
imb_20_id_s_rbf_r1_s_rbf_r3 0.33233526781311085 0.33340007317965503 0.33324725842214464 0.34349746897815264 0.3444142310209338 0.3452423369000312
imb_20_id_s_rbf_r2_s_rbf_r3 0.3348951949929988 0.3356628853369131 0.3356961170840558 0.34268551422635735 0.34407535114697063 0.34533654839994893
imb_20_sd_s_hyp_r1_s_hyp_r2 0.6197438960313872 0.6220752108760325 0.6221426672823613 0.6450713611030998 0.6441560028367679 0.6446437793941305
imb_20_sd_s_hyp_r1_s_hyp_r3 0.5915870654595322 0.5931012604320326 0.5933817430420087 0.6148324243883512 0.6147668555979846 0.6157883439688189
imb_20_sd_s_hyp_r1_s_rbf_r1 0.5129299634713665 0.5142555246602472 0.5144107185943064 0.5162653970566142 0.5245401352734593 0.5238423094585335
imb_20_sd_s_hyp_r2_s_hyp_r3 0.5349258350509807 0.5377180454047632 0.5377990159102114 0.5628651659235108 0.5630232094879584 0.563594113734354
imb_20_sd_s_hyp_r2_s_rbf_r2 0.36281577756157013 0.3656416859688831 0.3656266811462436 0.38767171780068693 0.38794226603012383 0.3881030587577366
imb_20_sd_s_hyp_r3_s_rbf_r3 0.29547157762363624 0.2976405383728477 0.29777082897469703 0.3161718630130778 0.31677215169195705 0.3170554819893342
imb_20_sd_s_rbf_r1_s_rbf_r2 0.398902152492076 0.3995681705894253 0.3996392024546659 0.39636906133550104 0.4076145385228862 0.40753756638026367
imb_20_sd_s_rbf_r1_s_rbf_r3 0.34084515456298614 0.34199624897256886 0.3420615213479056 0.34477059818978945 0.34573629811143114 0.3454775887896834
imb_20_sd_s_rbf_r2_s_rbf_r3 0.3581120400516772 0.35855112163585773 0.35853032000682744 0.3651119338890534 0.3690532657710524 0.36937802809247544
imb_20_s_hyp_r1 0.7330571385163928 0.7349440494981389 0.7348501785183756 0.7518709786416273 0.7518003224428068 0.751839273808048
imb_20_s_hyp_r2 0.6202237658389849 0.6230587378544279 0.6228770825806824 0.6421427666278967 0.6423402255224651 0.6425247226687186
imb_20_s_hyp_r3 0.5396268806603791 0.5417709384458992 0.5417453871803927 0.5454226342815769 0.5535002896728929 0.5533357468139675
imb_20_s_rbf_r1 0.5870932167348354 0.5877141458345044 0.5878521615795128 0.5832973012507915 0.5953766963688127 0.5955064584170231
imb_20_s_rbf_r2 0.5447394813355869 0.5457492767331601 0.5457292227909866 0.544051444477743 0.5544331089171022 0.5544011982844553
imb_20_s_rbf_r3 0.2903415012095372 0.2917524465194958 0.29156725071063866 0.3017017270478636 0.30416286869490355 0.3049783201724815
imb_33_id_s_hyp_r1_s_hyp_r2 0.6165170365339876 0.6180466795573659 0.6180707700744428 0.627721324088008 0.6271293498800908 0.6272957001153622
imb_33_id_s_hyp_r1_s_hyp_r3 0.5992005279663435 0.6002219953261327 0.6001939899817423 0.6093639511768043 0.6096231486832542 0.610000373980111
imb_33_id_s_hyp_r1_s_rbf_r1 0.5330871110040535 0.5340929032259436 0.5341670788560174 0.5397598897285072 0.5471065856095656 0.5470946801105031
imb_33_id_s_hyp_r2_s_hyp_r3 0.5510166530552311 0.5534894039528307 0.5534146792932538 0.5656637036131619 0.5654690662479634 0.5654168166504099
imb_33_id_s_hyp_r2_s_rbf_r2 0.3940081763141867 0.39648610221628233 0.3964399078265949 0.4144789445550381 0.41715777438596197 0.4171105844371757
imb_33_id_s_hyp_r3_s_rbf_r3 0.32526232852092335 0.32697750593424446 0.32694830464348135 0.33509425410514015 0.3366433075692675 0.33722189931028745
imb_33_id_s_rbf_r1_s_rbf_r2 0.49888578784095067 0.5011653183712164 0.5011645053000122 0.5018535213808949 0.5158096238658906 0.5152469379521625
imb_33_id_s_rbf_r1_s_rbf_r3 0.40947291009043274 0.41029318621214367 0.41014607011602494 0.42010934300365516 0.42520914014492783 0.4252522424606059
imb_33_id_s_rbf_r2_s_rbf_r3 0.40545673244472075 0.4064355435292196 0.4064411943625922 0.41511800998655934 0.4210446299617562 0.4215281782029428
imb_33_sd_s_hyp_r1_s_hyp_r2 0.6902573884558221 0.693537426565976 0.6934743389390146 0.7123755720359526 0.7147048991086394 0.7149208508011285
imb_33_sd_s_hyp_r1_s_hyp_r3 0.6535600056307855 0.6576500268857781 0.6576764077030476 0.6759691963985269 0.6772833359908238 0.6772949059989681
imb_33_sd_s_hyp_r1_s_rbf_r1 0.5733686956029723 0.5752608991055577 0.5754255045284644 0.579394115254022 0.5899350199380512 0.5907693582638138
imb_33_sd_s_hyp_r2_s_hyp_r3 0.5972528971821226 0.6006710707582817 0.6005163676717892 0.6189257373036057 0.6210239526830055 0.6210110968278421
imb_33_sd_s_hyp_r2_s_rbf_r2 0.4333868840449954 0.4389142584308957 0.4390147190264566 0.4604539274310868 0.46517549253778584 0.46536026273949627
imb_33_sd_s_hyp_r3_s_rbf_r3 0.3599969205800979 0.3628183842255589 0.3627535995529635 0.37916012129188 0.38459991903940394 0.3846893328872704
imb_33_sd_s_rbf_r1_s_rbf_r2 0.48490413936567583 0.48650752629116184 0.48646257315792907 0.4849934793225853 0.5048140695040777 0.5050608330235878
imb_33_sd_s_rbf_r1_s_rbf_r3 0.4224868253380591 0.42377505995440307 0.4237591140271359 0.4263226725516429 0.43153180691418885 0.4320732899954344
imb_33_sd_s_rbf_r2_s_rbf_r3 0.42391176772805444 0.42516761768686745 0.4251987565297268 0.43012223886445616 0.43725647470644363 0.43794451941261225
imb_33_s_hyp_r1 0.7893264081451619 0.7913163996486436 0.7913289200150032 0.802369232640242 0.8027679242690912 0.8030717788821988
imb_33_s_hyp_r2 0.6902933223186507 0.6929133620913261 0.6928484949757725 0.7068355973824872 0.7076050903393741 0.7076574836486345
imb_33_s_hyp_r3 0.602417833354925 0.6029395717916557 0.6028627503898277 0.6033645211468128 0.6107445783375405 0.610771683202669
imb_33_s_rbf_r1 0.654350851076604 0.6547320219544358 0.6547578036063885 0.6514753210276442 0.660958820709022 0.6610216442759216
imb_33_s_rbf_r2 0.6249675141616082 0.6248837401740731 0.6253634593363835 0.6299551401694619 0.6366130524569744 0.6369660608617317
imb_33_s_rbf_r3 0.3545983841180769 0.35683298200747227 0.35686827566907414 0.3693857949666107 0.3748629331055658 0.3753748858225679
imb_9_id_s_hyp_r1_s_hyp_r2 0.41106673415916484 0.4121612715786926 0.411986991037002 0.42751636530628423 0.42450982041219015 0.4243378542326478
imb_9_id_s_hyp_r1_s_hyp_r3 0.40724544372690924 0.40903328457061583 0.4091692889989884 0.42376943416024393 0.4224457272524406 0.42265440897203427
imb_9_id_s_hyp_r1_s_rbf_r1 0.34466324432456297 0.3447977329364261 0.3450133485223947 0.3433588905701935 0.35139366348482465 0.3515874573611465
imb_9_id_s_hyp_r2_s_hyp_r3 0.3594889003056482 0.36044191805659387 0.36034737233972086 0.373414347980634 0.3724304505042862 0.37290650955125915
imb_9_id_s_hyp_r2_s_rbf_r2 0.23463391931862418 0.2358131942817507 0.23576701961110227 0.2476172059108101 0.24688572220629174 0.24719859447635592
imb_9_id_s_hyp_r3_s_rbf_r3 0.1934168565358628 0.194536535141859 0.19438226641072318 0.20311426151615686 0.2019433782888023 0.202745688817787
imb_9_id_s_rbf_r1_s_rbf_r2 0.2691673796724487 0.2696668027764784 0.27012347651745655 0.2667853643413197 0.27263355758125724 0.2741682414377992
imb_9_id_s_rbf_r1_s_rbf_r3 0.21126522236289455 0.2126534446603002 0.21253977742069993 0.21601725435961167 0.21746709754355936 0.21870872028457738
imb_9_id_s_rbf_r2_s_rbf_r3 0.23720932013475035 0.23732095313586632 0.23733251445938974 0.2396972161263947 0.24151031389077 0.24163109391676638
imb_9_sd_s_hyp_r1_s_hyp_r2 0.4911648232876278 0.49255980453554543 0.4925057922876042 0.5136521020488782 0.5117324430384542 0.5121114915888663
imb_9_sd_s_hyp_r1_s_hyp_r3 0.4452858443656422 0.44681191442700324 0.4470334374405799 0.46656421376810997 0.4658803342127061 0.4661008934290517
imb_9_sd_s_hyp_r1_s_rbf_r1 0.38589465784314725 0.38610620092611014 0.38593362827122907 0.38538611882076407 0.39006001616340436 0.38968142692316676
imb_9_sd_s_hyp_r2_s_hyp_r3 0.40111699743030405 0.4028314170579669 0.4029738301252882 0.42147881521685054 0.4205533903283453 0.42064923414823546
imb_9_sd_s_hyp_r2_s_rbf_r2 0.2590769177665169 0.26117157984803147 0.26096971352414106 0.2755332147963226 0.27520954965954275 0.2750091938613128
imb_9_sd_s_hyp_r3_s_rbf_r3 0.21009191007458514 0.2117778961453878 0.21159496120614263 0.22325651995758902 0.22416239491430337 0.22395985372267424
imb_9_sd_s_rbf_r1_s_rbf_r2 0.24992212576239678 0.25121332345521397 0.25099162544885145 0.24956562009103567 0.25363716033660827 0.2545741724082812
imb_9_sd_s_rbf_r1_s_rbf_r3 0.22560741100940604 0.2266177683137065 0.22644838106099005 0.22235904707386683 0.22643554549267358 0.22698873794703675
imb_9_sd_s_rbf_r2_s_rbf_r3 0.23652361771087324 0.23739571766914971 0.23699832446991376 0.24249794115666737 0.2410352680669467 0.24168197521846732
imb_9_s_hyp_r1 0.5873868178088434 0.5886812574143342 0.5886403003221191 0.6114017672216985 0.6095709567127519 0.6101677079567763
imb_9_s_hyp_r2 0.488756491144232 0.4902862812163554 0.49027331730964874 0.5072288137484116 0.5066703906181795 0.5074619358299273
imb_9_s_hyp_r3 0.4063750826835866 0.4067049088021694 0.4066715667755902 0.41066396138490435 0.41708043941077705 0.41734221270234007
imb_9_s_rbf_r1 0.4183924153706207 0.4187749537374484 0.4188508311813573 0.41498272287042687 0.42673049275277786 0.4275242091878858
imb_9_s_rbf_r2 0.39471829346028653 0.3971688134068936 0.397109355541282 0.3857132410830053 0.3985236497847142 0.3986286838569798
imb_9_s_rbf_r3 0.18296712381555866 0.18248252623489686 0.18318688006311107 0.18254719232874347 0.18507072428886073 0.18583426342961348
