# elements, balanced_accuracy_score, cohen_kappa_score, matthews_corrcoef
1750, 0.677518, 0.175443, 0.297219
2500, 0.756569, 0.325872, 0.421199
3250, 0.795224, 0.391289, 0.469389
4000, 0.811768, 0.432927, 0.495934
4750, 0.814249, 0.457989, 0.510663
5500, 0.811067, 0.467154, 0.517568
6250, 0.828630, 0.496155, 0.539105
7000, 0.796342, 0.477295, 0.501916
7750, 0.845560, 0.534509, 0.576421
8500, 0.853483, 0.601677, 0.621671
9250, 0.829238, 0.514287, 0.551282
10000, 0.865021, 0.596767, 0.625365
10750, 0.845844, 0.570332, 0.592081
11500, 0.881572, 0.637995, 0.664741
12250, 0.875348, 0.638456, 0.658870
13000, 0.904507, 0.745738, 0.753120
13750, 0.883333, 0.638889, 0.665062
14500, 0.914881, 0.762860, 0.768280
15250, 0.905232, 0.700479, 0.719464
16000, 0.909644, 0.719314, 0.733728
16750, 0.920198, 0.699978, 0.723448
17500, 0.896258, 0.736639, 0.742221
18250, 0.927817, 0.788712, 0.796519
19000, 0.908173, 0.731462, 0.741925
19750, 0.921092, 0.742880, 0.758069
20500, 0.919379, 0.739832, 0.753902
21250, 0.912623, 0.790767, 0.792545
22000, 0.937829, 0.777432, 0.795038
22750, 0.939150, 0.841166, 0.843189
23500, 0.916073, 0.727273, 0.743130
24250, 0.917868, 0.819396, 0.819886
25000, 0.941347, 0.806904, 0.817250
25750, 0.940483, 0.836339, 0.839562
26500, 0.936998, 0.788296, 0.799649
27250, 0.921503, 0.785716, 0.790945
28000, 0.934333, 0.810460, 0.815607
28750, 0.936127, 0.827440, 0.830814
29500, 0.911912, 0.765613, 0.770745
30250, 0.930153, 0.802339, 0.806978
31000, 0.931332, 0.797634, 0.803892
31750, 0.929931, 0.811398, 0.814877
32500, 0.911921, 0.724329, 0.739751
33250, 0.941994, 0.832325, 0.836031
34000, 0.913905, 0.814581, 0.814892
34750, 0.928518, 0.795930, 0.801661
35500, 0.937403, 0.823464, 0.827008
36250, 0.926650, 0.773597, 0.783780
37000, 0.945157, 0.846300, 0.849213
37750, 0.913476, 0.728334, 0.744778
38500, 0.922387, 0.807575, 0.809401
39250, 0.932552, 0.796129, 0.803724
40000, 0.956717, 0.845955, 0.853486
40750, 0.948506, 0.852883, 0.856226
41500, 0.909908, 0.792593, 0.793832
42250, 0.925741, 0.803008, 0.807230
43000, 0.936577, 0.791277, 0.801032
43750, 0.937120, 0.791975, 0.801548
44500, 0.920256, 0.804846, 0.807123
45250, 0.918796, 0.798999, 0.801692
46000, 0.931935, 0.794474, 0.802315
46750, 0.937500, 0.833333, 0.835970
47500, 0.941684, 0.816428, 0.823654
48250, 0.921945, 0.778015, 0.783818
49000, 0.930585, 0.823750, 0.825900
49750, 0.924688, 0.752510, 0.767708
50500, 0.928245, 0.812720, 0.815878
51250, 0.929164, 0.776351, 0.785448
52000, 0.910888, 0.742405, 0.751621
52750, 0.931667, 0.838188, 0.839177
53500, 0.934112, 0.808846, 0.813922
54250, 0.934922, 0.801914, 0.808437
55000, 0.933544, 0.858340, 0.858459
55750, 0.950159, 0.849985, 0.854055
56500, 0.943424, 0.826549, 0.831062
57250, 0.942589, 0.827579, 0.832862
58000, 0.931303, 0.792828, 0.800915
58750, 0.932474, 0.836770, 0.837884
59500, 0.918611, 0.790822, 0.794578
60250, 0.916800, 0.730715, 0.743569
61000, 0.930558, 0.833760, 0.834921
61750, 0.942685, 0.830843, 0.836063
62500, 0.941628, 0.830681, 0.834454
