# elements, balanced_accuracy_score, cohen_kappa_score, matthews_corrcoef
1750, 0.699649, 0.204836, 0.325485
2500, 0.750774, 0.309039, 0.414473
3250, 0.793908, 0.378473, 0.465909
4000, 0.816686, 0.444856, 0.505513
4750, 0.812596, 0.453846, 0.507313
5500, 0.811067, 0.467154, 0.517568
6250, 0.830504, 0.512832, 0.549169
7000, 0.797637, 0.458845, 0.492677
7750, 0.845560, 0.534509, 0.576421
8500, 0.856669, 0.599658, 0.622642
9250, 0.832470, 0.528899, 0.561653
10000, 0.866790, 0.595864, 0.626188
10750, 0.848325, 0.547004, 0.579206
11500, 0.874838, 0.616983, 0.647436
12250, 0.876291, 0.627816, 0.652774
13000, 0.910567, 0.753888, 0.762081
13750, 0.885000, 0.651163, 0.673836
14500, 0.920040, 0.758238, 0.766141
15250, 0.910139, 0.702998, 0.724243
16000, 0.912317, 0.720625, 0.736084
16750, 0.914580, 0.678225, 0.705476
17500, 0.900488, 0.752542, 0.756724
18250, 0.925253, 0.779297, 0.788155
19000, 0.905474, 0.730157, 0.739728
19750, 0.922521, 0.725190, 0.746943
20500, 0.923511, 0.755862, 0.767775
21250, 0.923261, 0.804850, 0.807366
22000, 0.946510, 0.807219, 0.820509
22750, 0.939150, 0.841166, 0.843189
23500, 0.918552, 0.736671, 0.751183
24250, 0.928434, 0.829306, 0.830651
25000, 0.935292, 0.785568, 0.798671
25750, 0.937308, 0.798649, 0.807800
26500, 0.929908, 0.785554, 0.794288
27250, 0.908940, 0.737247, 0.747688
28000, 0.933526, 0.816500, 0.820417
28750, 0.937535, 0.824813, 0.829022
29500, 0.916044, 0.782830, 0.786502
30250, 0.941763, 0.819745, 0.825192
31000, 0.923083, 0.755676, 0.767752
31750, 0.931700, 0.808791, 0.813165
32500, 0.913539, 0.722497, 0.739406
33250, 0.941994, 0.832325, 0.836031
34000, 0.919176, 0.810158, 0.811530
34750, 0.924399, 0.797451, 0.801572
35500, 0.934569, 0.822517, 0.825471
36250, 0.928336, 0.779966, 0.789386
37000, 0.945157, 0.846300, 0.849213
37750, 0.911778, 0.722471, 0.739786
38500, 0.918361, 0.788308, 0.791392
39250, 0.935081, 0.805995, 0.812559
40000, 0.953705, 0.842057, 0.849177
40750, 0.945051, 0.855076, 0.857215
41500, 0.921394, 0.803368, 0.805865
42250, 0.923172, 0.793325, 0.798384
43000, 0.937409, 0.794602, 0.803962
43750, 0.938889, 0.789607, 0.800511
44500, 0.923323, 0.809004, 0.811518
45250, 0.919160, 0.808157, 0.809815
46000, 0.936532, 0.796198, 0.805665
46750, 0.941667, 0.831373, 0.835397
47500, 0.939142, 0.806635, 0.814927
48250, 0.916590, 0.766079, 0.772166
49000, 0.927230, 0.819308, 0.821224
49750, 0.922150, 0.743471, 0.759985
50500, 0.934614, 0.821159, 0.824899
51250, 0.926709, 0.766133, 0.776455
52000, 0.909241, 0.735874, 0.745866
52750, 0.935000, 0.842615, 0.843777
53500, 0.934939, 0.812370, 0.817131
54250, 0.934097, 0.798444, 0.805323
55000, 0.949717, 0.855825, 0.858583
55750, 0.944227, 0.826346, 0.832558
56500, 0.945658, 0.823712, 0.829319
57250, 0.937104, 0.822677, 0.826979
58000, 0.935257, 0.800097, 0.808258
58750, 0.936097, 0.841496, 0.842804
59500, 0.910971, 0.761774, 0.768120
60250, 0.922400, 0.768559, 0.775699
61000, 0.933081, 0.834569, 0.836102
61750, 0.938390, 0.814688, 0.821477
62500, 0.941920, 0.820613, 0.826013
