# elements, balanced_accuracy_score, cohen_kappa_score, matthews_corrcoef
1500, 0.613512, 0.160285, 0.183867
3000, 0.639641, 0.208961, 0.230215
4500, 0.653920, 0.224074, 0.251417
6000, 0.673182, 0.268719, 0.289699
7500, 0.702935, 0.330798, 0.347734
9000, 0.707626, 0.342621, 0.358179
10500, 0.702118, 0.321982, 0.342266
12000, 0.713104, 0.331113, 0.356693
13500, 0.693287, 0.260718, 0.310387
15000, 0.651316, 0.213742, 0.245123
16500, 0.619195, 0.186859, 0.200311
18000, 0.617757, 0.177187, 0.194533
19500, 0.616271, 0.178221, 0.193488
21000, 0.655291, 0.253980, 0.266575
22500, 0.652873, 0.264064, 0.271156
24000, 0.643663, 0.221444, 0.239633
25500, 0.648995, 0.220354, 0.244620
27000, 0.763411, 0.477787, 0.483642
28500, 0.741244, 0.405914, 0.420906
30000, 0.744557, 0.412863, 0.427548
31500, 0.737281, 0.389338, 0.408045
33000, 0.745703, 0.416880, 0.430872
34500, 0.738068, 0.396468, 0.412847
36000, 0.748665, 0.408183, 0.427717
37500, 0.743138, 0.408200, 0.423651
39000, 0.777757, 0.491116, 0.500548
40500, 0.768228, 0.458544, 0.472599
42000, 0.754746, 0.446701, 0.456434
43500, 0.730180, 0.373658, 0.393550
45000, 0.743022, 0.413548, 0.426951
46500, 0.710685, 0.326401, 0.352195
48000, 0.732318, 0.399373, 0.410788
49500, 0.727403, 0.391208, 0.402287
51000, 0.714494, 0.369241, 0.379610
52500, 0.814125, 0.589255, 0.592434
54000, 0.765587, 0.473463, 0.481422
55500, 0.760322, 0.449404, 0.461567
57000, 0.755260, 0.413999, 0.436223
58500, 0.755736, 0.420223, 0.440130
60000, 0.760661, 0.439543, 0.455383
61500, 0.760923, 0.431889, 0.450900
