# elements, balanced_accuracy_score, cohen_kappa_score, matthews_corrcoef
1500, 0.541756, 0.048111, 0.067982
3000, 0.576416, 0.102798, 0.122668
4500, 0.592103, 0.124794, 0.147996
6000, 0.593464, 0.135663, 0.152530
7500, 0.620805, 0.161280, 0.193748
9000, 0.617154, 0.162552, 0.189030
10500, 0.631132, 0.187946, 0.213226
12000, 0.633356, 0.184912, 0.215144
13500, 0.641727, 0.177714, 0.226903
15000, 0.598660, 0.142843, 0.160888
16500, 0.606110, 0.153717, 0.173067
18000, 0.589742, 0.121277, 0.144149
19500, 0.577941, 0.108041, 0.125736
21000, 0.624439, 0.174584, 0.201263
22500, 0.590131, 0.125867, 0.145625
24000, 0.596795, 0.135230, 0.156406
25500, 0.614677, 0.160674, 0.185419
27000, 0.680602, 0.257628, 0.293293
28500, 0.681155, 0.256377, 0.293598
30000, 0.687586, 0.266091, 0.304194
31500, 0.684060, 0.264684, 0.299565
33000, 0.682662, 0.287168, 0.307372
34500, 0.693453, 0.292258, 0.320070
36000, 0.697611, 0.301780, 0.328348
37500, 0.700574, 0.318494, 0.339117
39000, 0.723051, 0.359795, 0.380098
40500, 0.711190, 0.309885, 0.345824
42000, 0.672074, 0.252479, 0.281768
43500, 0.665993, 0.245944, 0.272699
45000, 0.663196, 0.239432, 0.267223
46500, 0.661700, 0.241817, 0.266520
48000, 0.637979, 0.189395, 0.222178
49500, 0.673823, 0.271685, 0.291717
51000, 0.639030, 0.212219, 0.230966
52500, 0.739941, 0.359961, 0.395939
54000, 0.721748, 0.337590, 0.367993
55500, 0.714464, 0.331238, 0.358036
57000, 0.701312, 0.306518, 0.334095
58500, 0.705547, 0.318233, 0.343507
60000, 0.701506, 0.315564, 0.338475
61500, 0.713862, 0.342710, 0.363219
