# elements, balanced_accuracy_score, cohen_kappa_score, matthews_corrcoef
1500, 0.508321, 0.008824, 0.014186
3000, 0.553519, 0.061346, 0.087298
4500, 0.567866, 0.080476, 0.109551
6000, 0.571003, 0.081422, 0.115799
7500, 0.586641, 0.097076, 0.142706
9000, 0.596899, 0.111980, 0.157596
10500, 0.600191, 0.112561, 0.164815
12000, 0.609128, 0.127702, 0.176783
13500, 0.608504, 0.115638, 0.184265
15000, 0.613720, 0.118020, 0.197510
16500, 0.620579, 0.133357, 0.199928
18000, 0.620414, 0.137697, 0.196595
19500, 0.630451, 0.171795, 0.208951
21000, 0.624575, 0.171287, 0.200655
22500, 0.613423, 0.152016, 0.181991
24000, 0.628003, 0.169230, 0.205095
25500, 0.624962, 0.162033, 0.199988
27000, 0.640457, 0.212869, 0.232674
28500, 0.639194, 0.197889, 0.225849
30000, 0.651461, 0.205692, 0.243459
31500, 0.660348, 0.213661, 0.257114
33000, 0.664340, 0.216069, 0.263203
34500, 0.655240, 0.210465, 0.249469
36000, 0.642583, 0.197349, 0.229949
37500, 0.641796, 0.192091, 0.227840
39000, 0.639494, 0.182221, 0.223318
40500, 0.644310, 0.175833, 0.231723
42000, 0.644271, 0.168103, 0.234014
43500, 0.663650, 0.203060, 0.262207
45000, 0.669332, 0.207207, 0.271736
46500, 0.677249, 0.228785, 0.283629
48000, 0.676269, 0.233554, 0.282485
49500, 0.670596, 0.227913, 0.273624
51000, 0.652501, 0.214015, 0.246665
52500, 0.686129, 0.264298, 0.301910
54000, 0.653745, 0.226204, 0.251980
55500, 0.645459, 0.209443, 0.236826
57000, 0.653152, 0.221902, 0.249805
58500, 0.646343, 0.205230, 0.236667
60000, 0.648548, 0.211573, 0.241139
61500, 0.654736, 0.227696, 0.253617
