# elements, balanced_accuracy_score, cohen_kappa_score, matthews_corrcoef
1500, 0.564875, 0.082552, 0.103807
3000, 0.581865, 0.110369, 0.131453
4500, 0.620864, 0.164743, 0.194389
6000, 0.632356, 0.188035, 0.214715
7500, 0.652976, 0.209935, 0.246318
9000, 0.656338, 0.222539, 0.253747
10500, 0.646557, 0.210264, 0.238373
12000, 0.661447, 0.232322, 0.262812
13500, 0.625412, 0.193489, 0.209272
15000, 0.595329, 0.145760, 0.158477
16500, 0.584421, 0.130954, 0.141202
18000, 0.584916, 0.126920, 0.139934
19500, 0.599108, 0.151906, 0.164923
21000, 0.627695, 0.205127, 0.217141
22500, 0.593794, 0.132306, 0.151890
24000, 0.609695, 0.168832, 0.182858
25500, 0.624585, 0.184262, 0.204547
27000, 0.685828, 0.276089, 0.305575
28500, 0.681059, 0.268939, 0.297708
30000, 0.695056, 0.289266, 0.320544
31500, 0.684614, 0.274493, 0.303659
33000, 0.693357, 0.307867, 0.327348
34500, 0.694920, 0.291147, 0.321134
36000, 0.699845, 0.311216, 0.334837
37500, 0.700632, 0.315419, 0.337610
39000, 0.727946, 0.371261, 0.390419
40500, 0.706343, 0.313990, 0.342364
42000, 0.641118, 0.216321, 0.234843
43500, 0.661468, 0.266151, 0.278375
45000, 0.677680, 0.290252, 0.304811
46500, 0.673833, 0.278493, 0.295197
48000, 0.661827, 0.242207, 0.266809
49500, 0.663800, 0.274008, 0.284798
51000, 0.658000, 0.236252, 0.260408
52500, 0.757310, 0.423742, 0.443381
54000, 0.726693, 0.356333, 0.381436
55500, 0.711171, 0.336692, 0.357748
57000, 0.708850, 0.331497, 0.353038
58500, 0.723274, 0.348270, 0.374365
60000, 0.717864, 0.349180, 0.370046
61500, 0.730200, 0.382067, 0.398422
