# elements, balanced_accuracy_score, cohen_kappa_score, matthews_corrcoef
1500, 0.609218, 0.155415, 0.177254
3000, 0.624081, 0.185607, 0.204533
4500, 0.634376, 0.197099, 0.220015
6000, 0.642633, 0.217169, 0.236711
7500, 0.659758, 0.244779, 0.265811
9000, 0.691162, 0.300633, 0.321725
10500, 0.682837, 0.287101, 0.307497
12000, 0.704226, 0.311889, 0.339342
13500, 0.660301, 0.225667, 0.259469
15000, 0.632308, 0.196127, 0.217394
16500, 0.625703, 0.195101, 0.210302
18000, 0.614377, 0.169525, 0.187924
19500, 0.604216, 0.143492, 0.167905
21000, 0.630890, 0.200875, 0.217927
22500, 0.641244, 0.206805, 0.231127
24000, 0.649394, 0.228430, 0.248357
25500, 0.624866, 0.165328, 0.200095
27000, 0.744363, 0.425137, 0.435500
28500, 0.730152, 0.388564, 0.402376
30000, 0.724148, 0.364850, 0.383787
31500, 0.718913, 0.345997, 0.369296
33000, 0.727597, 0.374684, 0.392108
34500, 0.726858, 0.363180, 0.385102
36000, 0.735192, 0.374800, 0.398342
37500, 0.732375, 0.372039, 0.394482
39000, 0.759495, 0.403980, 0.434718
40500, 0.730084, 0.379971, 0.397092
42000, 0.713990, 0.406033, 0.407524
43500, 0.720508, 0.410356, 0.413139
45000, 0.723216, 0.367507, 0.384582
46500, 0.693707, 0.307290, 0.327353
48000, 0.705374, 0.369199, 0.374561
49500, 0.710094, 0.372091, 0.379053
51000, 0.695592, 0.335809, 0.345565
52500, 0.799720, 0.541613, 0.548752
54000, 0.757631, 0.446309, 0.457842
55500, 0.756436, 0.427015, 0.444674
57000, 0.745984, 0.388265, 0.414701
58500, 0.742623, 0.385255, 0.410207
60000, 0.745061, 0.392266, 0.415973
61500, 0.747955, 0.389256, 0.416964
