# elements, balanced_accuracy_score, cohen_kappa_score, matthews_corrcoef
1500, 0.608636, 0.158514, 0.177575
3000, 0.660088, 0.238259, 0.263408
4500, 0.676630, 0.278861, 0.297811
6000, 0.694921, 0.320016, 0.335306
7500, 0.713502, 0.336037, 0.359459
9000, 0.713707, 0.347113, 0.365494
10500, 0.712988, 0.343838, 0.363100
12000, 0.717952, 0.368184, 0.381184
13500, 0.700115, 0.268179, 0.321086
15000, 0.646257, 0.235972, 0.249262
16500, 0.621896, 0.189118, 0.203897
18000, 0.637495, 0.205879, 0.226728
19500, 0.616309, 0.165505, 0.188761
21000, 0.639855, 0.205240, 0.229023
22500, 0.657020, 0.257255, 0.269799
24000, 0.640310, 0.186010, 0.224869
25500, 0.637085, 0.187804, 0.220664
27000, 0.773561, 0.464238, 0.479783
28500, 0.743216, 0.401244, 0.419512
30000, 0.744946, 0.424912, 0.435692
31500, 0.745510, 0.464747, 0.466607
33000, 0.748064, 0.461788, 0.464892
34500, 0.741099, 0.408019, 0.422130
36000, 0.752872, 0.440510, 0.451056
37500, 0.748734, 0.448959, 0.455008
39000, 0.785138, 0.452053, 0.481722
40500, 0.766684, 0.459002, 0.471921
42000, 0.755338, 0.427594, 0.444238
43500, 0.747880, 0.466263, 0.468573
45000, 0.763187, 0.459202, 0.469955
46500, 0.713442, 0.302158, 0.345950
48000, 0.722156, 0.334039, 0.366901
49500, 0.738282, 0.423183, 0.430756
51000, 0.711685, 0.320698, 0.350615
52500, 0.833385, 0.563448, 0.583236
54000, 0.769647, 0.468745, 0.480300
55500, 0.762838, 0.467918, 0.475967
57000, 0.754057, 0.449905, 0.458337
58500, 0.753591, 0.452078, 0.459677
60000, 0.753008, 0.445770, 0.454815
61500, 0.756457, 0.482767, 0.485100
