# elements, balanced_accuracy_score, cohen_kappa_score, matthews_corrcoef
1500, 0.607704, 0.159800, 0.177023
3000, 0.649015, 0.220654, 0.244755
4500, 0.653036, 0.232988, 0.253967
6000, 0.678623, 0.315864, 0.321921
7500, 0.713328, 0.366316, 0.376937
9000, 0.712134, 0.361254, 0.372859
10500, 0.705771, 0.351816, 0.362583
12000, 0.715989, 0.352321, 0.370241
13500, 0.691802, 0.287202, 0.316283
15000, 0.647062, 0.213701, 0.240081
16500, 0.624013, 0.191637, 0.207080
18000, 0.633230, 0.197005, 0.218724
19500, 0.629315, 0.179197, 0.208599
21000, 0.659895, 0.267561, 0.278061
22500, 0.640252, 0.197569, 0.227052
24000, 0.655950, 0.229139, 0.255481
25500, 0.653697, 0.241537, 0.258585
27000, 0.768326, 0.492969, 0.497569
28500, 0.738971, 0.398533, 0.414753
30000, 0.747034, 0.416379, 0.431460
31500, 0.737912, 0.389443, 0.408595
33000, 0.747772, 0.433718, 0.443411
34500, 0.739661, 0.409596, 0.422193
36000, 0.750463, 0.438394, 0.448202
37500, 0.750929, 0.453828, 0.459714
39000, 0.788869, 0.488899, 0.505792
40500, 0.775085, 0.425643, 0.459601
42000, 0.747210, 0.491698, 0.491719
43500, 0.754795, 0.455633, 0.462898
45000, 0.758388, 0.422587, 0.443548
46500, 0.747957, 0.460017, 0.463402
48000, 0.744508, 0.408064, 0.424543
49500, 0.742885, 0.375439, 0.405625
51000, 0.724469, 0.375690, 0.390402
52500, 0.813892, 0.598901, 0.600670
54000, 0.768569, 0.474490, 0.483717
55500, 0.771318, 0.501661, 0.505682
57000, 0.756562, 0.429654, 0.446373
58500, 0.751240, 0.425853, 0.440312
60000, 0.757039, 0.451020, 0.460752
61500, 0.758311, 0.443235, 0.456206
