# elements, balanced_accuracy_score, cohen_kappa_score, matthews_corrcoef
1500, 0.600083, 0.093733, 0.202341
3000, 0.732944, 0.310505, 0.373535
4500, 0.751517, 0.369829, 0.412142
6000, 0.770489, 0.422957, 0.454036
7500, 0.789689, 0.462555, 0.491120
9000, 0.792363, 0.492383, 0.510381
10500, 0.809378, 0.522105, 0.540753
12000, 0.813318, 0.532518, 0.550031
13500, 0.822334, 0.554740, 0.570371
15000, 0.793798, 0.482748, 0.505627
16500, 0.786927, 0.475678, 0.496281
18000, 0.778139, 0.438737, 0.468769
19500, 0.762341, 0.418618, 0.444613
21000, 0.766759, 0.424634, 0.451561
22500, 0.769221, 0.404446, 0.444484
24000, 0.773770, 0.432837, 0.461908
25500, 0.794087, 0.477054, 0.502623
27000, 0.827670, 0.542013, 0.566033
28500, 0.834203, 0.572293, 0.589473
30000, 0.834472, 0.575363, 0.591671
31500, 0.829127, 0.570040, 0.584815
33000, 0.834931, 0.576242, 0.592542
34500, 0.827501, 0.556652, 0.574947
36000, 0.824559, 0.566636, 0.579788
37500, 0.828149, 0.568745, 0.583348
39000, 0.798596, 0.499359, 0.519083
40500, 0.781960, 0.478080, 0.494252
42000, 0.771298, 0.445327, 0.466643
43500, 0.764276, 0.426017, 0.450199
45000, 0.761832, 0.417348, 0.443511
46500, 0.780373, 0.446252, 0.474579
48000, 0.775616, 0.445286, 0.470057
49500, 0.777461, 0.451706, 0.475114
51000, 0.806027, 0.513971, 0.533347
52500, 0.829794, 0.557573, 0.577077
54000, 0.834412, 0.555034, 0.578792
55500, 0.837474, 0.577496, 0.594981
57000, 0.832548, 0.573928, 0.589519
58500, 0.834712, 0.575835, 0.592134
60000, 0.834113, 0.574214, 0.590683
