# elements, balanced_accuracy_score, cohen_kappa_score, matthews_corrcoef
1500, 0.750411, 0.388085, 0.418669
3000, 0.780494, 0.478239, 0.493382
4500, 0.806157, 0.544827, 0.554259
6000, 0.815044, 0.564413, 0.573128
7500, 0.820560, 0.575034, 0.583713
9000, 0.814266, 0.554503, 0.565506
10500, 0.818904, 0.559731, 0.571758
12000, 0.806327, 0.551026, 0.558938
13500, 0.786659, 0.532012, 0.535890
15000, 0.757734, 0.431810, 0.448531
16500, 0.759241, 0.464875, 0.471935
18000, 0.758711, 0.438260, 0.453243
19500, 0.736260, 0.405510, 0.417336
21000, 0.761574, 0.450496, 0.463072
22500, 0.765893, 0.465588, 0.475944
24000, 0.758422, 0.446495, 0.458448
25500, 0.790440, 0.543768, 0.546877
27000, 0.825576, 0.575432, 0.586554
28500, 0.817178, 0.564891, 0.574541
30000, 0.826235, 0.576992, 0.588025
31500, 0.819323, 0.570153, 0.579486
33000, 0.824619, 0.580012, 0.589394
34500, 0.814396, 0.554483, 0.565562
36000, 0.817627, 0.567580, 0.576745
37500, 0.811544, 0.566323, 0.572966
39000, 0.743751, 0.433517, 0.441096
40500, 0.761275, 0.467320, 0.474745
42000, 0.747711, 0.445203, 0.451697
43500, 0.741986, 0.426496, 0.435105
45000, 0.739553, 0.430332, 0.436664
46500, 0.768377, 0.481594, 0.488818
48000, 0.754633, 0.451082, 0.459490
49500, 0.758642, 0.462499, 0.469878
51000, 0.810646, 0.569102, 0.574763
52500, 0.822315, 0.565525, 0.577738
54000, 0.833235, 0.561828, 0.582114
55500, 0.822415, 0.576135, 0.585438
57000, 0.823113, 0.572106, 0.582855
58500, 0.821248, 0.567346, 0.578444
60000, 0.823950, 0.569576, 0.581502
