# elements, balanced_accuracy_score, cohen_kappa_score, matthews_corrcoef
1500, 0.493029, -0.005683, -0.035782
3000, 0.520029, 0.016861, 0.064450
4500, 0.548716, 0.043092, 0.116884
6000, 0.578490, 0.073852, 0.157092
7500, 0.606518, 0.107519, 0.190516
9000, 0.629799, 0.137679, 0.221236
10500, 0.633149, 0.137952, 0.231629
12000, 0.665517, 0.190864, 0.269403
13500, 0.678554, 0.210907, 0.288511
15000, 0.678533, 0.203140, 0.292065
16500, 0.692327, 0.226440, 0.311032
18000, 0.697703, 0.232500, 0.319827
19500, 0.707009, 0.249695, 0.332959
21000, 0.714720, 0.269161, 0.343772
22500, 0.720017, 0.278759, 0.352085
24000, 0.719867, 0.274999, 0.352061
25500, 0.728455, 0.293207, 0.365538
27000, 0.751765, 0.349294, 0.406223
28500, 0.758438, 0.356325, 0.416484
30000, 0.767934, 0.386995, 0.436623
31500, 0.769280, 0.387934, 0.438490
33000, 0.772292, 0.394630, 0.444170
34500, 0.768542, 0.381210, 0.435557
36000, 0.776662, 0.413773, 0.456018
37500, 0.780541, 0.418256, 0.461888
39000, 0.778435, 0.390462, 0.450287
40500, 0.782226, 0.412569, 0.461595
42000, 0.776392, 0.400579, 0.450859
43500, 0.773440, 0.404180, 0.448851
45000, 0.767046, 0.385430, 0.435084
46500, 0.767236, 0.386321, 0.435595
48000, 0.768193, 0.388638, 0.437466
49500, 0.771096, 0.405377, 0.446816
51000, 0.787234, 0.440981, 0.478310
52500, 0.810503, 0.483007, 0.519988
54000, 0.817116, 0.489454, 0.529257
55500, 0.824587, 0.516908, 0.549566
57000, 0.826462, 0.519869, 0.552728
58500, 0.824058, 0.510977, 0.546063
60000, 0.824387, 0.512500, 0.547125
