# elements, balanced_accuracy_score, cohen_kappa_score, matthews_corrcoef
1500, 0.731666, 0.294429, 0.370699
3000, 0.757015, 0.410080, 0.435566
4500, 0.775806, 0.457128, 0.476979
6000, 0.799793, 0.511013, 0.527244
7500, 0.810775, 0.539794, 0.553253
9000, 0.797919, 0.534349, 0.542433
10500, 0.818963, 0.537480, 0.557003
12000, 0.820818, 0.552032, 0.567622
13500, 0.805958, 0.548120, 0.556588
15000, 0.773372, 0.446245, 0.468787
16500, 0.767299, 0.465684, 0.476819
18000, 0.763030, 0.442636, 0.458958
19500, 0.748199, 0.416818, 0.432544
21000, 0.761833, 0.445331, 0.459853
22500, 0.778638, 0.461354, 0.481598
24000, 0.767029, 0.442471, 0.461734
25500, 0.795785, 0.526648, 0.535686
27000, 0.833365, 0.570143, 0.587526
28500, 0.823801, 0.566408, 0.579195
30000, 0.832757, 0.575419, 0.590651
31500, 0.824459, 0.570335, 0.582320
33000, 0.829945, 0.577775, 0.590617
34500, 0.825436, 0.557081, 0.573879
36000, 0.823561, 0.567563, 0.579868
37500, 0.821148, 0.570789, 0.580877
39000, 0.770860, 0.465720, 0.478999
40500, 0.769284, 0.465008, 0.477547
42000, 0.759021, 0.447992, 0.459822
43500, 0.754054, 0.432210, 0.446261
45000, 0.751321, 0.428881, 0.442315
46500, 0.779636, 0.473024, 0.489469
48000, 0.771577, 0.456182, 0.473351
49500, 0.770091, 0.459588, 0.474493
51000, 0.811244, 0.560444, 0.568341
52500, 0.830264, 0.572960, 0.587481
54000, 0.825656, 0.565450, 0.579614
55500, 0.833136, 0.579719, 0.593805
57000, 0.830802, 0.575073, 0.589244
58500, 0.825257, 0.568747, 0.581654
60000, 0.829755, 0.573029, 0.587226
