# elements, balanced_accuracy_score, cohen_kappa_score, matthews_corrcoef
1500, 0.747091, 0.401043, 0.422426
3000, 0.788194, 0.487845, 0.504667
4500, 0.824568, 0.532716, 0.558239
6000, 0.823960, 0.569833, 0.581690
7500, 0.823622, 0.575538, 0.585607
9000, 0.823711, 0.558158, 0.573506
10500, 0.814097, 0.559417, 0.568970
12000, 0.810775, 0.555752, 0.564611
13500, 0.781673, 0.532817, 0.535003
15000, 0.761514, 0.437968, 0.455002
16500, 0.758144, 0.468438, 0.474129
18000, 0.755121, 0.442725, 0.453902
19500, 0.742574, 0.410319, 0.424589
21000, 0.756618, 0.456400, 0.464379
22500, 0.769623, 0.466365, 0.478668
24000, 0.753486, 0.448574, 0.457077
25500, 0.792205, 0.542168, 0.546146
27000, 0.823961, 0.575666, 0.585875
28500, 0.825077, 0.567053, 0.580376
30000, 0.834443, 0.578318, 0.593632
31500, 0.813010, 0.567476, 0.574497
33000, 0.829765, 0.579998, 0.592080
34500, 0.816799, 0.553769, 0.566398
36000, 0.818186, 0.568366, 0.577602
37500, 0.819173, 0.571259, 0.580230
39000, 0.743163, 0.429454, 0.437851
40500, 0.762273, 0.469293, 0.476697
42000, 0.754194, 0.447058, 0.456378
43500, 0.736640, 0.425993, 0.432026
45000, 0.738914, 0.430006, 0.436116
46500, 0.769773, 0.476677, 0.485929
48000, 0.754503, 0.450697, 0.459144
49500, 0.767100, 0.466004, 0.476925
51000, 0.804972, 0.574224, 0.576979
52500, 0.821287, 0.565608, 0.577228
54000, 0.811982, 0.562592, 0.570308
55500, 0.823881, 0.576474, 0.586424
57000, 0.818714, 0.569128, 0.578427
58500, 0.820300, 0.569056, 0.579178
60000, 0.822764, 0.569076, 0.580498
