# elements, balanced_accuracy_score, cohen_kappa_score, matthews_corrcoef
1500, 0.734433, 0.354190, 0.387882
3000, 0.759299, 0.425967, 0.446199
4500, 0.796024, 0.514587, 0.527276
6000, 0.808511, 0.552339, 0.560968
7500, 0.812471, 0.565977, 0.573108
9000, 0.794598, 0.538316, 0.543980
10500, 0.814017, 0.561249, 0.570277
12000, 0.822484, 0.561870, 0.575291
13500, 0.793960, 0.534679, 0.540875
15000, 0.761603, 0.432955, 0.452040
16500, 0.759021, 0.462102, 0.469773
18000, 0.749277, 0.441278, 0.449597
19500, 0.741905, 0.411931, 0.425172
21000, 0.760806, 0.455369, 0.465926
22500, 0.769074, 0.464215, 0.476886
24000, 0.753426, 0.445918, 0.455149
25500, 0.792893, 0.538275, 0.543261
27000, 0.830373, 0.575480, 0.589272
28500, 0.826603, 0.567833, 0.581805
30000, 0.827870, 0.577273, 0.589108
31500, 0.818196, 0.568627, 0.577799
33000, 0.831012, 0.579067, 0.592125
34500, 0.826134, 0.554795, 0.572848
36000, 0.819722, 0.568209, 0.578264
37500, 0.816830, 0.568358, 0.576932
39000, 0.750683, 0.438323, 0.448278
40500, 0.769493, 0.466950, 0.478986
42000, 0.751541, 0.446729, 0.454725
43500, 0.741078, 0.425615, 0.433985
45000, 0.743492, 0.431095, 0.439205
46500, 0.772825, 0.478101, 0.488615
48000, 0.767977, 0.453772, 0.469359
49500, 0.757994, 0.462454, 0.469527
51000, 0.806936, 0.570483, 0.574483
52500, 0.827790, 0.572787, 0.585914
54000, 0.814725, 0.556797, 0.567395
55500, 0.831022, 0.577965, 0.591365
57000, 0.828189, 0.573559, 0.586679
58500, 0.823192, 0.567557, 0.579657
60000, 0.822335, 0.568950, 0.580176
