# elements, balanced_accuracy_score, cohen_kappa_score, matthews_corrcoef
1500, 0.501416, 0.001135, 0.022666
3000, 0.640729, 0.142308, 0.251170
4500, 0.694701, 0.224773, 0.316778
6000, 0.737033, 0.317666, 0.380325
7500, 0.754140, 0.361695, 0.412469
9000, 0.764045, 0.391921, 0.434050
10500, 0.775614, 0.403759, 0.451084
12000, 0.787434, 0.451928, 0.483698
13500, 0.818413, 0.510371, 0.540851
15000, 0.795133, 0.451470, 0.490728
16500, 0.786008, 0.457509, 0.485319
18000, 0.770957, 0.405495, 0.446717
19500, 0.755188, 0.381376, 0.420511
21000, 0.760784, 0.402248, 0.435121
22500, 0.764633, 0.396306, 0.436402
24000, 0.767237, 0.409012, 0.444439
25500, 0.789539, 0.450321, 0.484844
27000, 0.824368, 0.531736, 0.557520
28500, 0.829195, 0.543636, 0.568137
30000, 0.829086, 0.552103, 0.573166
31500, 0.825605, 0.550630, 0.569835
33000, 0.826603, 0.561047, 0.577233
34500, 0.823780, 0.535579, 0.559314
36000, 0.822135, 0.555613, 0.570830
37500, 0.824878, 0.559694, 0.575255
39000, 0.805518, 0.506047, 0.528168
40500, 0.790197, 0.465547, 0.493139
42000, 0.774429, 0.449408, 0.471420
43500, 0.769472, 0.433359, 0.458490
45000, 0.766131, 0.424311, 0.450851
46500, 0.780064, 0.447561, 0.475000
48000, 0.775845, 0.439789, 0.467303
49500, 0.777690, 0.445761, 0.472035
51000, 0.804700, 0.507244, 0.528283
52500, 0.828447, 0.542266, 0.566767
54000, 0.833375, 0.568937, 0.586747
55500, 0.836587, 0.568927, 0.588880
57000, 0.833046, 0.565876, 0.584553
58500, 0.833265, 0.564913, 0.584085
60000, 0.830692, 0.566397, 0.583357
