# elements, balanced_accuracy_score, cohen_kappa_score, matthews_corrcoef
1750, 0.670628, 0.181945, 0.316349
2500, 0.752838, 0.305990, 0.409250
3250, 0.786036, 0.373999, 0.453101
4000, 0.808625, 0.441480, 0.512717
4750, 0.802641, 0.443378, 0.490753
5500, 0.829836, 0.502437, 0.547039
6250, 0.823293, 0.462920, 0.517663
7000, 0.814940, 0.490019, 0.533301
7750, 0.858060, 0.624280, 0.640354
8500, 0.848561, 0.534548, 0.577957
9250, 0.891766, 0.687974, 0.702246
10000, 0.847882, 0.542162, 0.580371
10750, 0.849580, 0.607212, 0.622207
11500, 0.900161, 0.675946, 0.700282
12250, 0.872222, 0.613066, 0.642552
13000, 0.745796, 0.392493, 0.420401
13750, 0.704174, 0.295084, 0.330482
14500, 0.728503, 0.362032, 0.387390
15250, 0.769489, 0.412472, 0.442798
16000, 0.802305, 0.511631, 0.533617
16750, 0.813390, 0.500666, 0.530277
17500, 0.816245, 0.516164, 0.542519
18250, 0.833498, 0.560703, 0.578317
19000, 0.823097, 0.540856, 0.561221
19750, 0.819779, 0.508709, 0.540212
20500, 0.834318, 0.594849, 0.605661
21250, 0.838904, 0.543408, 0.575446
22000, 0.816667, 0.524618, 0.551703
22750, 0.785257, 0.494239, 0.506640
23500, 0.794145, 0.453998, 0.492837
24250, 0.795154, 0.524791, 0.533840
25000, 0.842506, 0.555160, 0.582446
25750, 0.765147, 0.396269, 0.434910
26500, 0.805740, 0.517436, 0.534206
27250, 0.843949, 0.583865, 0.604094
28000, 0.867596, 0.677055, 0.683122
28750, 0.891897, 0.706087, 0.716585
29500, 0.922702, 0.791483, 0.795650
30250, 0.938033, 0.815790, 0.821111
31000, 0.942979, 0.794631, 0.805896
31750, 0.905754, 0.741247, 0.749304
32500, 0.930062, 0.802682, 0.807934
33250, 0.918891, 0.777444, 0.784018
34000, 0.924261, 0.753369, 0.767007
34750, 0.936592, 0.819470, 0.823623
35500, 0.926096, 0.813896, 0.816209
36250, 0.918384, 0.742750, 0.754985
37000, 0.932938, 0.814025, 0.818038
37750, 0.883867, 0.636367, 0.659990
38500, 0.676663, 0.273936, 0.298794
39250, 0.765090, 0.450962, 0.464971
40000, 0.807864, 0.499409, 0.523336
40750, 0.792437, 0.474970, 0.501385
41500, 0.805006, 0.509167, 0.529101
42250, 0.804381, 0.529042, 0.542481
43000, 0.846184, 0.583912, 0.605089
43750, 0.839167, 0.592431, 0.606084
44500, 0.816671, 0.526960, 0.547907
45250, 0.855949, 0.614549, 0.630562
46000, 0.847382, 0.567890, 0.591879
46750, 0.838333, 0.553511, 0.580880
47500, 0.822624, 0.568422, 0.581464
48250, 0.847881, 0.603649, 0.620417
49000, 0.815130, 0.536374, 0.556024
49750, 0.815106, 0.550805, 0.564091
50500, 0.802201, 0.476267, 0.505026
51250, 0.795487, 0.477459, 0.504241
52000, 0.819899, 0.525228, 0.549380
52750, 0.896233, 0.729435, 0.736763
53500, 0.885716, 0.665942, 0.683294
54250, 0.909604, 0.772196, 0.775986
55000, 0.925562, 0.819834, 0.821448
55750, 0.912255, 0.732056, 0.746895
56500, 0.940434, 0.837710, 0.840197
57250, 0.920954, 0.775326, 0.782468
58000, 0.938764, 0.802837, 0.811422
58750, 0.924587, 0.806830, 0.809761
59500, 0.938661, 0.828948, 0.832148
60250, 0.931926, 0.789999, 0.797857
61000, 0.934458, 0.832614, 0.834486
61750, 0.929859, 0.790142, 0.796815
62500, 0.934057, 0.843809, 0.844845
