# elements, balanced_accuracy_score, cohen_kappa_score, matthews_corrcoef
1750, 0.593379, 0.089746, 0.216751
2500, 0.758801, 0.321316, 0.417142
3250, 0.780935, 0.366700, 0.444933
4000, 0.801399, 0.422595, 0.499761
4750, 0.804807, 0.439532, 0.491385
5500, 0.834856, 0.511065, 0.555802
6250, 0.821275, 0.462847, 0.515607
7000, 0.807136, 0.477877, 0.520086
7750, 0.851291, 0.602816, 0.622014
8500, 0.851040, 0.541617, 0.583655
9250, 0.888534, 0.668705, 0.687020
10000, 0.855699, 0.553191, 0.592816
10750, 0.852159, 0.596016, 0.616418
11500, 0.892801, 0.671867, 0.692708
12250, 0.867079, 0.591690, 0.626636
13000, 0.742508, 0.378615, 0.411152
13750, 0.702523, 0.291583, 0.327393
14500, 0.732064, 0.357631, 0.388907
15250, 0.773248, 0.417285, 0.448468
16000, 0.798845, 0.502304, 0.525667
16750, 0.805940, 0.479806, 0.512916
17500, 0.819500, 0.510137, 0.541957
18250, 0.835699, 0.560154, 0.579249
19000, 0.823812, 0.549214, 0.567050
19750, 0.824178, 0.505368, 0.542302
20500, 0.835159, 0.597612, 0.608095
21250, 0.833080, 0.526611, 0.561632
22000, 0.815357, 0.508939, 0.542891
22750, 0.786087, 0.496782, 0.508876
23500, 0.784901, 0.431003, 0.473773
24250, 0.806175, 0.535891, 0.547669
25000, 0.844965, 0.562912, 0.588898
25750, 0.762667, 0.390270, 0.429860
26500, 0.808211, 0.525181, 0.540890
27250, 0.847087, 0.582054, 0.605227
28000, 0.864251, 0.664886, 0.672173
28750, 0.892364, 0.693758, 0.707978
29500, 0.916693, 0.776270, 0.780995
30250, 0.933106, 0.786098, 0.795438
31000, 0.935583, 0.804507, 0.810731
31750, 0.908776, 0.721152, 0.735897
32500, 0.927541, 0.792682, 0.798887
33250, 0.921460, 0.786934, 0.792582
34000, 0.917583, 0.728693, 0.745879
34750, 0.937418, 0.823047, 0.826908
35500, 0.919474, 0.805054, 0.806902
36250, 0.925527, 0.751758, 0.765136
37000, 0.937146, 0.821939, 0.825991
37750, 0.883867, 0.636367, 0.659990
38500, 0.670565, 0.265384, 0.288825
39250, 0.762069, 0.432326, 0.451115
40000, 0.798061, 0.470651, 0.499145
40750, 0.793006, 0.467740, 0.498146
41500, 0.795377, 0.514063, 0.526197
42250, 0.802296, 0.497070, 0.521141
43000, 0.846184, 0.583912, 0.605089
43750, 0.838333, 0.589688, 0.603704
44500, 0.825221, 0.541187, 0.562700
45250, 0.860542, 0.602228, 0.625442
46000, 0.843594, 0.563069, 0.586305
46750, 0.834167, 0.541161, 0.570616
47500, 0.824840, 0.570100, 0.583972
48250, 0.840201, 0.596213, 0.610602
49000, 0.820246, 0.528151, 0.555567
49750, 0.811059, 0.543731, 0.556846
50500, 0.796896, 0.466853, 0.495562
51250, 0.795432, 0.468006, 0.499228
52000, 0.820727, 0.527712, 0.551473
52750, 0.882772, 0.701791, 0.709531
53500, 0.877926, 0.661388, 0.675689
54250, 0.907917, 0.765637, 0.769962
55000, 0.928653, 0.814557, 0.817516
55750, 0.913107, 0.735014, 0.749439
56500, 0.940434, 0.837710, 0.840197
57250, 0.919978, 0.763465, 0.772833
58000, 0.941014, 0.794812, 0.806348
58750, 0.925020, 0.782815, 0.790026
59500, 0.943400, 0.827047, 0.831828
60250, 0.937948, 0.795346, 0.804521
61000, 0.941254, 0.817873, 0.823565
61750, 0.927400, 0.779706, 0.787483
62500, 0.945135, 0.847102, 0.850235
