# stream_name, soft, soft weighted, soft smoke weighted, hard, hard weighted, hard smoke weighted
imb_20_id_s_hyp_r1_s_hyp_r2 0.8173116030185307 0.817961550073906 0.817940090974866 0.8225251042774406 0.822812621634512 0.82273453222952
imb_20_id_s_hyp_r1_s_hyp_r3 0.8097176948126221 0.8105745106638866 0.8106040920816996 0.81499063871487 0.815301246949457 0.8155138412455258
imb_20_id_s_hyp_r1_s_rbf_r1 0.767500968735363 0.7682634065608628 0.7682716856951377 0.7709792861547579 0.7727495461623479 0.7723520200685379
imb_20_id_s_hyp_r2_s_hyp_r3 0.7861397760094692 0.7871261939675323 0.7872433366807599 0.7920616823733582 0.7921305520262182 0.7920751690108638
imb_20_id_s_hyp_r2_s_rbf_r2 0.6999067314877759 0.7012475393787544 0.7012881753655993 0.7084428762226149 0.7094178519766527 0.7097972380944808
imb_20_id_s_hyp_r3_s_rbf_r3 0.6648130614704446 0.6656247681325149 0.6655887966741088 0.6707125799994349 0.6720294486700177 0.6718796647622182
imb_20_id_s_rbf_r1_s_rbf_r2 0.7487218119259529 0.7489455759655376 0.7489433229833147 0.7479148242365108 0.7528021097704738 0.752938913235692
imb_20_id_s_rbf_r1_s_rbf_r3 0.7018478933804658 0.702356837460516 0.7022794702957608 0.7059151776918556 0.707655767364421 0.7081152105542612
imb_20_id_s_rbf_r2_s_rbf_r3 0.7040672002269225 0.7044489717859063 0.7044703731366996 0.705566178203172 0.707609693447917 0.7083133105993487
imb_20_sd_s_hyp_r1_s_hyp_r2 0.8513073926014244 0.8523981779633544 0.8524295999096332 0.85906600883238 0.8599783907124942 0.8601273259691363
imb_20_sd_s_hyp_r1_s_hyp_r3 0.8387682134097846 0.839509835833334 0.839640812920009 0.8460436587487793 0.847253901976213 0.8476597431567603
imb_20_sd_s_hyp_r1_s_rbf_r1 0.7836042473926471 0.78438867676768 0.7844868571834765 0.7862629018872778 0.7884289415632101 0.7880878844701324
imb_20_sd_s_hyp_r2_s_hyp_r3 0.8126561369555911 0.8140511110028404 0.8141180413702226 0.8226513293747137 0.8235483708382711 0.8238024460589137
imb_20_sd_s_hyp_r2_s_rbf_r2 0.7178971172730648 0.71948440660542 0.7194988320795781 0.7293582174508946 0.7301203341373554 0.730239653615916
imb_20_sd_s_hyp_r3_s_rbf_r3 0.6774796926735207 0.6788031329606942 0.6788669979631509 0.6873436196466834 0.6881786257133867 0.6882318670592965
imb_20_sd_s_rbf_r1_s_rbf_r2 0.7325654020660773 0.7328442752661146 0.73289534850592 0.7331231713009089 0.7366301780633681 0.7365638383840825
imb_20_sd_s_rbf_r1_s_rbf_r3 0.7049642874435014 0.705651531115409 0.7056975192734164 0.7053473995389081 0.7070961663095815 0.7070009588670638
imb_20_sd_s_rbf_r2_s_rbf_r3 0.7163649471198101 0.7165997109040271 0.7165620368349571 0.7184028600707572 0.7219661484709003 0.7221049944071412
imb_20_s_hyp_r1 0.9036291753941524 0.9045662300258827 0.9045428811430749 0.9083229682081151 0.9091817560325317 0.9092014424580591
imb_20_s_hyp_r2 0.8532857731573468 0.8547221937977868 0.8546229996538482 0.8600772144784629 0.8613643177891548 0.8613604411384793
imb_20_s_hyp_r3 0.8133515549332477 0.8143277745453888 0.814355220542957 0.8146357242810188 0.8164995758794207 0.8163516429670785
imb_20_s_rbf_r1 0.8279659868578794 0.8282023951044457 0.8282727857019672 0.8280233177060929 0.8309537179103317 0.8311099801337094
imb_20_s_rbf_r2 0.8033407755582378 0.8038257670889067 0.8038367223579261 0.8046829412101154 0.807229669728197 0.8072084904676884
imb_20_s_rbf_r3 0.678531061509725 0.6793154370032891 0.6792076711968702 0.6828730829970316 0.6853130028642411 0.6856402609018843
imb_33_id_s_hyp_r1_s_hyp_r2 0.8211924895095856 0.8220379666613444 0.822048454100971 0.8254074427763455 0.8254739745636248 0.8255326647863617
imb_33_id_s_hyp_r1_s_hyp_r3 0.8127785924530394 0.813356869326492 0.8133453124226159 0.8162122031338384 0.8167683795639803 0.8168478733584815
imb_33_id_s_hyp_r1_s_rbf_r1 0.7759782615371315 0.7764151626268024 0.7764678691985558 0.7797792167221919 0.7819139273128155 0.7818565611281157
imb_33_id_s_hyp_r2_s_hyp_r3 0.7878291690873439 0.7892642168111852 0.7892221942131761 0.7940296812588352 0.7944352408619252 0.7943939607643233
imb_33_id_s_hyp_r2_s_rbf_r2 0.7074627154213754 0.7089067110967292 0.7088845929035203 0.7173426405122707 0.7191083248389177 0.71904534411222
imb_33_id_s_hyp_r3_s_rbf_r3 0.6711771100140981 0.6721826719608056 0.6721675179892187 0.6752878215148961 0.6765002649507822 0.6767819830789481
imb_33_id_s_rbf_r1_s_rbf_r2 0.7609331837777964 0.7620463028097197 0.7620519407307934 0.7632512891381661 0.7688570859988125 0.7685186243923837
imb_33_id_s_rbf_r1_s_rbf_r3 0.7154984753769551 0.715855383364958 0.7157703760421075 0.7190358579666803 0.7224572249072163 0.7224283681330109
imb_33_id_s_rbf_r2_s_rbf_r3 0.7146743543986059 0.715161074408527 0.7151603161185422 0.7185487548727093 0.7221127305518447 0.7223183165198885
imb_33_sd_s_hyp_r1_s_hyp_r2 0.8570027616044238 0.8586266007448392 0.858587438037751 0.8658360684547677 0.8676888443962008 0.8677803200775068
imb_33_sd_s_hyp_r1_s_hyp_r3 0.8390308810790461 0.841123257068598 0.8411323748851256 0.8483740629776795 0.8494897938299691 0.8495035867298683
imb_33_sd_s_hyp_r1_s_rbf_r1 0.7918452060715527 0.7928755087536461 0.7929555377926528 0.7963738374506386 0.8003925606841938 0.8007035355849269
imb_33_sd_s_hyp_r2_s_hyp_r3 0.8110223124606463 0.8128442344499964 0.8127619457930512 0.8204372134620294 0.821978107451605 0.8219683741825007
imb_33_sd_s_hyp_r2_s_rbf_r2 0.7269653793970174 0.7299210368098069 0.7299829151478667 0.7403481493022482 0.7432193316591256 0.7433284150848238
imb_33_sd_s_hyp_r3_s_rbf_r3 0.6880853864409727 0.6896893748951857 0.6896574157416345 0.6975098374893651 0.7007829064569585 0.7008226451902352
imb_33_sd_s_rbf_r1_s_rbf_r2 0.7503287384497055 0.75113304764663 0.751105710050306 0.7520165352719489 0.7600435481689007 0.7601658139537126
imb_33_sd_s_rbf_r1_s_rbf_r3 0.7221462445230383 0.7228315693620766 0.7228219330256495 0.7232421684722035 0.7265772925058039 0.7268486150197313
imb_33_sd_s_rbf_r2_s_rbf_r3 0.723610065198758 0.7242799998331115 0.7242987710110123 0.7260909997117523 0.7303139020951973 0.7306895227189195
imb_33_s_hyp_r1 0.9048045266883123 0.9058625010009423 0.9058703196244579 0.909486438688972 0.9100645185414493 0.9101949088230298
imb_33_s_hyp_r2 0.8572381345137264 0.8586538016478149 0.8586214999100078 0.8638168762912779 0.8645689164667759 0.8645675596330988
imb_33_s_hyp_r3 0.8127767423830192 0.8129497033397508 0.8129201106950616 0.8130424422925514 0.8153584353550068 0.8152874104679787
imb_33_s_rbf_r1 0.834770352111053 0.8349420746958605 0.8349502519263575 0.8347547807017791 0.8377105156732008 0.8377425100494237
imb_33_s_rbf_r2 0.8185788502745942 0.8185003954781693 0.8187527569976705 0.8224438425154968 0.8245334469321405 0.8246747409197689
imb_33_s_rbf_r3 0.6876300994169581 0.6887883262664036 0.6888063022375622 0.6942261717790833 0.697683648408608 0.6979152076433488
imb_9_id_s_hyp_r1_s_hyp_r2 0.8114388483705786 0.8121743518734129 0.8120687491720974 0.8154099247418961 0.815902552678486 0.8156654127934609
imb_9_id_s_hyp_r1_s_hyp_r3 0.8092101723602371 0.8107183439216293 0.8107916662544042 0.8139999801424188 0.8150001145190777 0.8150300480029783
imb_9_id_s_hyp_r1_s_rbf_r1 0.7595940522463505 0.75991086084773 0.7600377211106318 0.7593064758922599 0.7609597943098655 0.7608166295033508
imb_9_id_s_hyp_r2_s_hyp_r3 0.7792669082180922 0.7800480856571487 0.7799696141041448 0.7827987895522914 0.7842111703180153 0.7844254594442547
imb_9_id_s_hyp_r2_s_rbf_r2 0.6946336138274791 0.6956981385156837 0.6956590180948341 0.7010156859083905 0.7025685179596101 0.702642663418764
imb_9_id_s_hyp_r3_s_rbf_r3 0.6612647199573127 0.6622208897567283 0.6620641838592465 0.6653949015744461 0.666417224072196 0.6669374736685872
imb_9_id_s_rbf_r1_s_rbf_r2 0.7179790860783899 0.7182662646607597 0.718649125159659 0.7180737725468799 0.7196159708632677 0.7207289065254383
imb_9_id_s_rbf_r1_s_rbf_r3 0.6755159317043904 0.6766500247377027 0.6765406983524115 0.6765360909427712 0.6794197879584833 0.6803571845047799
imb_9_id_s_rbf_r2_s_rbf_r3 0.6954338935515878 0.6954904344663654 0.6955094425162307 0.6929028233528091 0.6964714366492932 0.6968330566786383
imb_9_sd_s_hyp_r1_s_hyp_r2 0.8495090714298459 0.8503598273623675 0.8502700466084752 0.8545039872547738 0.855707850694578 0.855904221371812
imb_9_sd_s_hyp_r1_s_hyp_r3 0.8247928360247716 0.8256927650626193 0.8258183971516837 0.8316933650310963 0.8332359280770935 0.8332453254571798
imb_9_sd_s_hyp_r1_s_rbf_r1 0.7659798003792921 0.7665927901984575 0.7664452526154242 0.7671452087498014 0.7684739482130919 0.7681627527881724
imb_9_sd_s_hyp_r2_s_hyp_r3 0.8025230985313648 0.8037347405354792 0.8038189522197485 0.8094127606513677 0.8109377607276445 0.8105185966673825
imb_9_sd_s_hyp_r2_s_rbf_r2 0.709519485037285 0.7112040710065645 0.7110515009577755 0.7173515040306946 0.7182776311862217 0.7180501348959808
imb_9_sd_s_hyp_r3_s_rbf_r3 0.6702923483909408 0.6716102546894258 0.671455176497664 0.6772964335992332 0.6792482220670616 0.6789843784393621
imb_9_sd_s_rbf_r1_s_rbf_r2 0.7005912241990756 0.7016288377669747 0.7014375968580404 0.7019383355224078 0.7032194157036493 0.7038169329374003
imb_9_sd_s_rbf_r1_s_rbf_r3 0.6836561973882479 0.684417324777996 0.6842841597137715 0.6783760778274753 0.6836069189236038 0.683997598069188
imb_9_sd_s_rbf_r2_s_rbf_r3 0.6927818220141977 0.69345043456033 0.6931953143260533 0.6944328471264914 0.6951545295167979 0.6953646987912145
imb_9_s_hyp_r1 0.890031734451036 0.8908291877921988 0.8907639124289687 0.8947192184836311 0.8963004590601344 0.8964343626462453
imb_9_s_hyp_r2 0.8496602332111981 0.850812122113944 0.8507911682087475 0.8548071402839205 0.8561409004745456 0.85647782990356
imb_9_s_hyp_r3 0.8061801822313652 0.8059920477660647 0.8060064331252315 0.8060863455194079 0.8072464946969949 0.8075716341301735
imb_9_s_rbf_r1 0.7968372118391819 0.7969222966134117 0.7969609626308618 0.7967982084161769 0.7991658844471128 0.7997670842760014
imb_9_s_rbf_r2 0.7798010475721787 0.7810775318150378 0.7810676923704283 0.7787811066731126 0.783126564974901 0.7831730456452698
imb_9_s_rbf_r3 0.6561853843669069 0.6557396280142741 0.6563366974365191 0.6535604570941635 0.6571459596159845 0.6578354418929081
