# elements, balanced_accuracy_score, cohen_kappa_score, matthews_corrcoef
1750, 0.732661, 0.390070, 0.412356
2500, 0.722010, 0.363812, 0.385697
3250, 0.679246, 0.254291, 0.293630
4000, 0.652438, 0.215176, 0.256878
4750, 0.730440, 0.354231, 0.395059
5500, 0.702485, 0.334946, 0.355156
6250, 0.699708, 0.330871, 0.350509
7000, 0.749774, 0.391285, 0.429541
7750, 0.691667, 0.283951, 0.314862
8500, 0.722798, 0.330492, 0.368094
9250, 0.727235, 0.354162, 0.386752
10000, 0.754000, 0.401944, 0.432197
10750, 0.768784, 0.419888, 0.456583
11500, 0.728679, 0.360598, 0.388556
12250, 0.776291, 0.398587, 0.454176
13000, 0.543573, 0.049911, 0.065390
13750, 0.492063, -0.008024, -0.011689
14500, 0.600632, 0.150294, 0.163403
15250, 0.576117, 0.097550, 0.117642
16000, 0.617501, 0.148665, 0.180125
16750, 0.614659, 0.124926, 0.162473
17500, 0.626054, 0.151461, 0.189981
18250, 0.637178, 0.194958, 0.219799
19000, 0.612294, 0.130914, 0.173139
19750, 0.660833, 0.244149, 0.266598
20500, 0.611636, 0.150771, 0.173293
21250, 0.602976, 0.112973, 0.151072
22000, 0.635299, 0.185056, 0.210938
22750, 0.602048, 0.121584, 0.154388
23500, 0.588076, 0.104019, 0.130884
24250, 0.657688, 0.186485, 0.230386
25000, 0.588769, 0.104672, 0.130701
25750, 0.595444, 0.122044, 0.148924
26500, 0.620471, 0.181650, 0.200908
27250, 0.726233, 0.369493, 0.393750
28000, 0.765837, 0.409497, 0.446970
28750, 0.773308, 0.446369, 0.474125
29500, 0.796807, 0.435539, 0.489967
30250, 0.813944, 0.508711, 0.545153
31000, 0.820572, 0.495231, 0.538636
31750, 0.785150, 0.459941, 0.500013
32500, 0.797497, 0.484249, 0.515691
33250, 0.797182, 0.480580, 0.514145
34000, 0.763008, 0.415656, 0.452949
34750, 0.760331, 0.380863, 0.423612
35500, 0.768003, 0.422403, 0.461641
36250, 0.803795, 0.475566, 0.509859
37000, 0.788675, 0.467570, 0.496199
37750, 0.798235, 0.479653, 0.512675
38500, 0.747054, 0.389963, 0.418147
39250, 0.535600, 0.037992, 0.053377
40000, 0.566270, 0.072878, 0.096367
40750, 0.646650, 0.194544, 0.227014
41500, 0.581421, 0.092389, 0.124102
42250, 0.601438, 0.131031, 0.152411
43000, 0.630565, 0.145934, 0.184653
43750, 0.669425, 0.230500, 0.265725
44500, 0.675691, 0.218829, 0.261237
45250, 0.667711, 0.220627, 0.257838
46000, 0.652253, 0.198533, 0.235752
46750, 0.648935, 0.184603, 0.219014
47500, 0.661057, 0.215510, 0.257871
48250, 0.701272, 0.273165, 0.314588
49000, 0.663576, 0.220843, 0.253241
49750, 0.668056, 0.206108, 0.250595
50500, 0.640763, 0.141876, 0.189290
51250, 0.668438, 0.219322, 0.258190
52000, 0.662418, 0.217970, 0.254886
52750, 0.638294, 0.199717, 0.228340
53500, 0.799243, 0.512448, 0.532568
54250, 0.789674, 0.441835, 0.479917
55000, 0.820816, 0.510300, 0.546300
55750, 0.796770, 0.480781, 0.514531
56500, 0.811850, 0.502551, 0.538018
57250, 0.795800, 0.476535, 0.508504
58000, 0.795488, 0.508534, 0.532606
58750, 0.795659, 0.499244, 0.519534
59500, 0.831235, 0.542159, 0.573136
60250, 0.807935, 0.514427, 0.536625
61000, 0.807865, 0.509837, 0.536823
61750, 0.792829, 0.512991, 0.527167
62500, 0.830702, 0.562057, 0.587083
63250, 0.812686, 0.540405, 0.558275
64000, 0.824737, 0.539833, 0.565126
