# elements, balanced_accuracy_score, cohen_kappa_score, matthews_corrcoef
1750, 0.702626, 0.117325, 0.241047
2500, 0.744013, 0.161342, 0.284054
3250, 0.820579, 0.273063, 0.377276
4000, 0.757310, 0.212929, 0.303002
4750, 0.753655, 0.206973, 0.297564
5500, 0.821039, 0.280774, 0.384353
6250, 0.816739, 0.379361, 0.442616
7000, 0.818681, 0.312135, 0.399989
7750, 0.820341, 0.339766, 0.415495
8500, 0.861236, 0.431826, 0.495308
9250, 0.820270, 0.286936, 0.385485
10000, 0.858404, 0.365212, 0.446312
10750, 0.910890, 0.507053, 0.575849
11500, 0.716615, 0.180514, 0.256420
12250, 0.661287, 0.109227, 0.176271
13000, 0.697442, 0.203850, 0.250560
13750, 0.712252, 0.175440, 0.252434
14500, 0.772329, 0.277163, 0.345174
15250, 0.778076, 0.375296, 0.409194
16000, 0.795808, 0.272127, 0.356892
16750, 0.830716, 0.435990, 0.480526
17500, 0.814128, 0.386010, 0.434860
18250, 0.785810, 0.274605, 0.359425
19000, 0.853619, 0.436616, 0.499195
19750, 0.806871, 0.360542, 0.414321
20500, 0.800686, 0.309294, 0.380938
21250, 0.835964, 0.418552, 0.472819
22000, 0.798497, 0.387271, 0.430713
22750, 0.804710, 0.255545, 0.353653
23500, 0.805147, 0.351376, 0.411844
24250, 0.772984, 0.290144, 0.353274
25000, 0.842181, 0.387105, 0.456684
25750, 0.884701, 0.624943, 0.643541
26500, 0.900898, 0.579781, 0.615326
27250, 0.900618, 0.492579, 0.556721
28000, 0.911663, 0.637320, 0.664554
28750, 0.944928, 0.641086, 0.679841
29500, 0.901449, 0.548379, 0.592165
30250, 0.924931, 0.682932, 0.704198
31000, 0.891807, 0.623746, 0.644346
31750, 0.919532, 0.540336, 0.596987
32500, 0.926822, 0.612374, 0.649258
33250, 0.850725, 0.495421, 0.531802
34000, 0.694113, 0.180237, 0.240155
34750, 0.681449, 0.148626, 0.208315
35500, 0.750370, 0.276370, 0.333608
36250, 0.775630, 0.308289, 0.366821
37000, 0.775927, 0.379726, 0.413111
37750, 0.783098, 0.349398, 0.400830
38500, 0.780569, 0.271128, 0.343272
39250, 0.816039, 0.370405, 0.427021
40000, 0.864493, 0.438631, 0.498198
40750, 0.823248, 0.375680, 0.434812
41500, 0.816076, 0.370034, 0.427270
42250, 0.835193, 0.343100, 0.423007
43000, 0.826918, 0.337893, 0.415755
43750, 0.809034, 0.378173, 0.430336
44500, 0.793616, 0.334241, 0.390699
45250, 0.792752, 0.302580, 0.372306
46000, 0.810870, 0.305556, 0.383906
46750, 0.836567, 0.421011, 0.475577
47500, 0.869853, 0.447338, 0.511840
48250, 0.946381, 0.643933, 0.681813
49000, 0.912593, 0.673519, 0.692030
49750, 0.929326, 0.585902, 0.637208
50500, 0.867277, 0.643383, 0.651893
51250, 0.914727, 0.545939, 0.597282
52000, 0.912022, 0.639378, 0.665856
52750, 0.899076, 0.654152, 0.669991
53500, 0.940993, 0.621882, 0.664758
54250, 0.935951, 0.675669, 0.702013
55000, 0.931578, 0.647562, 0.679093
