# elements, balanced_accuracy_score, cohen_kappa_score, matthews_corrcoef
1750, 0.644163, 0.308280, 0.314513
2500, 0.690272, 0.363948, 0.367263
3250, 0.691128, 0.347520, 0.357828
4000, 0.738326, 0.439840, 0.449284
4750, 0.715900, 0.402390, 0.409062
5500, 0.718221, 0.417734, 0.420772
6250, 0.725072, 0.435798, 0.438944
7000, 0.735984, 0.436113, 0.442681
7750, 0.732390, 0.438953, 0.444703
8500, 0.734998, 0.441183, 0.449368
9250, 0.718982, 0.415012, 0.420503
10000, 0.692652, 0.360235, 0.367538
10750, 0.754996, 0.511496, 0.511517
11500, 0.735598, 0.429660, 0.441115
12250, 0.741778, 0.457158, 0.464197
13000, 0.743382, 0.464724, 0.468444
13750, 0.755461, 0.492454, 0.495071
14500, 0.750000, 0.478011, 0.482227
15250, 0.748682, 0.483757, 0.485203
16000, 0.738964, 0.468760, 0.469634
16750, 0.742788, 0.463306, 0.467170
17500, 0.744703, 0.464094, 0.469692
18250, 0.778519, 0.552502, 0.552694
19000, 0.757452, 0.505253, 0.505982
19750, 0.754709, 0.493458, 0.495725
20500, 0.771164, 0.522473, 0.526373
21250, 0.769746, 0.516320, 0.519405
22000, 0.814408, 0.617632, 0.618227
22750, 0.796708, 0.576529, 0.578608
23500, 0.776164, 0.542432, 0.543344
24250, 0.799121, 0.591234, 0.591714
25000, 0.834319, 0.651774, 0.654895
25750, 0.818638, 0.609451, 0.613917
26500, 0.817573, 0.631760, 0.631857
27250, 0.827181, 0.627624, 0.631768
28000, 0.822423, 0.625875, 0.629293
28750, 0.836516, 0.658825, 0.659911
29500, 0.848713, 0.667470, 0.671458
30250, 0.834650, 0.654025, 0.655234
31000, 0.815596, 0.620847, 0.621623
31750, 0.845838, 0.666759, 0.670625
32500, 0.845334, 0.667761, 0.671201
33250, 0.853558, 0.672333, 0.677339
34000, 0.829701, 0.646163, 0.647483
34750, 0.862259, 0.712788, 0.714160
35500, 0.844401, 0.671045, 0.673127
36250, 0.853594, 0.690975, 0.692564
37000, 0.853796, 0.690994, 0.693341
37750, 0.852785, 0.677709, 0.681949
38500, 0.851651, 0.687016, 0.689207
39250, 0.866322, 0.714439, 0.716498
40000, 0.862585, 0.700762, 0.703469
40750, 0.865594, 0.718724, 0.719636
41500, 0.856534, 0.703027, 0.703635
42250, 0.869600, 0.717815, 0.720011
43000, 0.836868, 0.641965, 0.648383
43750, 0.868813, 0.732298, 0.732426
44500, 0.867795, 0.724611, 0.725327
45250, 0.879189, 0.748741, 0.749294
46000, 0.890732, 0.775506, 0.775722
46750, 0.883866, 0.765527, 0.765557
47500, 0.848222, 0.682922, 0.684103
48250, 0.867165, 0.716263, 0.717737
49000, 0.865546, 0.722979, 0.723367
49750, 0.895000, 0.778325, 0.779091
50500, 0.849488, 0.686195, 0.687356
51250, 0.886927, 0.770615, 0.770671
52000, 0.882674, 0.759264, 0.759576
52750, 0.885891, 0.749084, 0.751970
53500, 0.882215, 0.758150, 0.758464
54250, 0.895000, 0.778325, 0.779091
55000, 0.875598, 0.749926, 0.749939
55750, 0.854747, 0.676386, 0.681297
56500, 0.906218, 0.794064, 0.795525
57250, 0.896869, 0.778792, 0.780018
58000, 0.891780, 0.762556, 0.764956
58750, 0.873260, 0.748002, 0.748015
59500, 0.884592, 0.755861, 0.757340
60250, 0.899000, 0.789318, 0.789738
61000, 0.867248, 0.724346, 0.724836
61750, 0.899339, 0.782843, 0.783903
62500, 0.882019, 0.746105, 0.748791
63250, 0.896612, 0.780436, 0.781232
64000, 0.911527, 0.809964, 0.810966
64750, 0.895534, 0.779820, 0.780497
65500, 0.870553, 0.728347, 0.729112
66250, 0.892853, 0.772442, 0.773419
67000, 0.878413, 0.746399, 0.746843
67750, 0.883715, 0.749837, 0.751561
68500, 0.866000, 0.711370, 0.713927
69250, 0.895830, 0.776473, 0.777920
70000, 0.888209, 0.773390, 0.773469
70750, 0.888411, 0.762706, 0.763612
71500, 0.901278, 0.778956, 0.780960
72250, 0.877818, 0.749160, 0.749424
73000, 0.917837, 0.821981, 0.822741
73750, 0.878259, 0.747705, 0.748059
74500, 0.890039, 0.761865, 0.763184
75250, 0.887559, 0.764763, 0.765490
76000, 0.882984, 0.734872, 0.739520
76750, 0.895141, 0.790281, 0.790281
