# elements, balanced_accuracy_score, cohen_kappa_score, matthews_corrcoef
750, 0.546010, 0.031675, 0.052761
1500, 0.584155, 0.063185, 0.097519
2250, 0.607640, 0.074686, 0.123505
3000, 0.621900, 0.090911, 0.141100
3750, 0.652250, 0.119746, 0.178015
4500, 0.634239, 0.095502, 0.154387
5250, 0.651049, 0.116145, 0.175794
6000, 0.656897, 0.124026, 0.183650
6750, 0.673291, 0.138487, 0.203339
7500, 0.666784, 0.134808, 0.196229
8250, 0.660716, 0.129635, 0.188996
9000, 0.654650, 0.128555, 0.183252
9750, 0.664699, 0.123580, 0.190833
10500, 0.663217, 0.125016, 0.189814
11250, 0.629439, 0.098699, 0.150405
12000, 0.659202, 0.127653, 0.186952
12750, 0.613942, 0.079476, 0.130792
13500, 0.602510, 0.078327, 0.119161
14250, 0.603429, 0.082194, 0.121208
15000, 0.607553, 0.087531, 0.126753
15750, 0.596768, 0.080265, 0.114599
16500, 0.594790, 0.080284, 0.112898
17250, 0.618752, 0.106901, 0.144109
18000, 0.623736, 0.093480, 0.143538
18750, 0.594626, 0.079466, 0.112436
19500, 0.623635, 0.097423, 0.144616
20250, 0.608218, 0.079519, 0.124977
21000, 0.594157, 0.064583, 0.107946
21750, 0.582412, 0.056190, 0.094448
22500, 0.582842, 0.065431, 0.096950
23250, 0.635948, 0.109030, 0.159653
24000, 0.668011, 0.124173, 0.194198
24750, 0.664719, 0.153788, 0.202421
25500, 0.708745, 0.202313, 0.260119
26250, 0.695576, 0.163658, 0.232161
27000, 0.706708, 0.173198, 0.245462
27750, 0.683971, 0.145195, 0.215265
28500, 0.713749, 0.207101, 0.266325
29250, 0.709868, 0.220008, 0.270146
30000, 0.689170, 0.176579, 0.232451
30750, 0.707236, 0.186294, 0.251370
31500, 0.709098, 0.195957, 0.257306
32250, 0.708431, 0.203765, 0.260604
33000, 0.714398, 0.210336, 0.268436
33750, 0.717085, 0.220843, 0.275848
34500, 0.710854, 0.181718, 0.252401
35250, 0.679332, 0.181456, 0.227363
36000, 0.644884, 0.129175, 0.175267
36750, 0.669890, 0.136063, 0.199449
37500, 0.643352, 0.117214, 0.169141
38250, 0.628021, 0.118706, 0.156939
39000, 0.654144, 0.145653, 0.190253
39750, 0.617118, 0.093653, 0.137446
40500, 0.591921, 0.077965, 0.109526
41250, 0.655662, 0.139080, 0.188435
42000, 0.660441, 0.148590, 0.196599
42750, 0.639326, 0.121113, 0.167210
43500, 0.647600, 0.116490, 0.172707
44250, 0.637248, 0.126539, 0.167914
45000, 0.619189, 0.087537, 0.137637
45750, 0.683141, 0.168488, 0.223893
46500, 0.746312, 0.226126, 0.300900
47250, 0.732879, 0.221133, 0.287954
48000, 0.717936, 0.225992, 0.279200
48750, 0.716889, 0.214756, 0.272555
49500, 0.727709, 0.232867, 0.289988
50250, 0.710325, 0.189880, 0.255479
51000, 0.718090, 0.204792, 0.268565
51750, 0.736550, 0.233335, 0.296810
52500, 0.718556, 0.220424, 0.276717
53250, 0.720933, 0.221507, 0.279046
54000, 0.734582, 0.246041, 0.302026
54750, 0.729030, 0.211489, 0.280356
55500, 0.730490, 0.222169, 0.286613
