# elements, balanced_accuracy_score, cohen_kappa_score, matthews_corrcoef
3000, 0.716773, 0.177500, 0.255862
6000, 0.778250, 0.264175, 0.344036
9000, 0.811170, 0.352552, 0.415340
12000, 0.815137, 0.322349, 0.401367
15000, 0.773350, 0.279307, 0.347988
18000, 0.762907, 0.264377, 0.332468
21000, 0.759309, 0.269591, 0.332577
24000, 0.822820, 0.384933, 0.442275
27000, 0.820149, 0.394797, 0.446629
30000, 0.829284, 0.377054, 0.441840
33000, 0.826463, 0.381668, 0.442693
36000, 0.771836, 0.280705, 0.347622
39000, 0.749993, 0.247802, 0.314292
42000, 0.763906, 0.294875, 0.349870
45000, 0.796750, 0.336769, 0.396415
48000, 0.826823, 0.402080, 0.455351
51000, 0.822829, 0.404953, 0.454660
