# elements, balanced_accuracy_score, cohen_kappa_score, matthews_corrcoef
4000, 0.731761, 0.197380, 0.276469
8000, 0.798617, 0.300933, 0.377961
12000, 0.824878, 0.374445, 0.437360
16000, 0.765708, 0.306616, 0.357920
20000, 0.767095, 0.261783, 0.334288
24000, 0.811327, 0.378824, 0.431169
28000, 0.823319, 0.382195, 0.440947
32000, 0.827588, 0.396353, 0.452303
36000, 0.784299, 0.292122, 0.362788
40000, 0.746258, 0.236330, 0.305711
44000, 0.778168, 0.303732, 0.364755
48000, 0.832372, 0.395895, 0.455103
