# elements, balanced_accuracy_score, cohen_kappa_score, matthews_corrcoef
1000, 0.606106, 0.048066, 0.144802
2000, 0.675859, 0.100758, 0.204474
3000, 0.726056, 0.182742, 0.265975
4000, 0.739151, 0.200120, 0.283887
5000, 0.758492, 0.214898, 0.306308
6000, 0.777815, 0.286275, 0.354946
7000, 0.789651, 0.293253, 0.367318
8000, 0.797069, 0.337689, 0.397166
9000, 0.801859, 0.345956, 0.405220
10000, 0.811793, 0.332819, 0.404601
11000, 0.811593, 0.366190, 0.423668
12000, 0.802495, 0.296835, 0.378773
13000, 0.788434, 0.291726, 0.365621
14000, 0.779546, 0.276635, 0.351211
15000, 0.766037, 0.257364, 0.331276
16000, 0.775176, 0.284769, 0.352222
17000, 0.758898, 0.282243, 0.339235
18000, 0.756288, 0.222997, 0.307670
19000, 0.776080, 0.287529, 0.354356
20000, 0.772323, 0.274397, 0.344660
21000, 0.761796, 0.268573, 0.333846
22000, 0.766122, 0.252486, 0.328956
23000, 0.796870, 0.340435, 0.398638
24000, 0.824490, 0.398208, 0.451479
25000, 0.784686, 0.422312, 0.444962
26000, 0.822508, 0.382304, 0.440484
27000, 0.823411, 0.360739, 0.428400
28000, 0.825670, 0.386406, 0.445015
29000, 0.824796, 0.376599, 0.438578
30000, 0.821562, 0.395984, 0.448255
31000, 0.829010, 0.377074, 0.441668
32000, 0.823743, 0.388921, 0.445294
33000, 0.827040, 0.407911, 0.459128
34000, 0.798026, 0.308444, 0.381484
35000, 0.773267, 0.258953, 0.337638
36000, 0.764956, 0.228355, 0.317168
37000, 0.778781, 0.280802, 0.352781
38000, 0.766379, 0.245820, 0.326001
39000, 0.750994, 0.221429, 0.302607
40000, 0.746737, 0.230243, 0.303156
41000, 0.756480, 0.242294, 0.316535
42000, 0.772094, 0.249764, 0.332381
43000, 0.776766, 0.273736, 0.347644
44000, 0.774458, 0.269191, 0.343600
45000, 0.804299, 0.332776, 0.399307
46000, 0.826359, 0.394844, 0.450592
47000, 0.824945, 0.379289, 0.440274
48000, 0.828763, 0.414643, 0.464436
49000, 0.829329, 0.388195, 0.448479
50000, 0.821815, 0.417114, 0.461811
51000, 0.829772, 0.376614, 0.441910
52000, 0.822795, 0.373609, 0.435479
53000, 0.823407, 0.385008, 0.442701
54000, 0.828124, 0.405631, 0.458377
