# elements, balanced_accuracy_score, cohen_kappa_score, matthews_corrcoef
250, 0.472109, -0.031867, -0.037383
500, 0.509486, 0.009145, 0.011796
750, 0.572700, 0.053611, 0.084002
1000, 0.572414, 0.042670, 0.083678
1250, 0.586301, 0.050008, 0.100073
1500, 0.606601, 0.066387, 0.122278
1750, 0.610764, 0.093424, 0.131771
2000, 0.620842, 0.088315, 0.139448
2250, 0.627142, 0.096324, 0.147563
2500, 0.623215, 0.098046, 0.144438
2750, 0.632887, 0.099830, 0.154004
3000, 0.635227, 0.105633, 0.157882
3250, 0.599266, 0.059930, 0.114253
3500, 0.594757, 0.055643, 0.109571
3750, 0.626823, 0.104322, 0.149867
4000, 0.628905, 0.104442, 0.151751
4250, 0.620766, 0.089360, 0.139614
4500, 0.601545, 0.065842, 0.116252
4750, 0.614139, 0.074739, 0.130660
5000, 0.633148, 0.095693, 0.153312
5250, 0.631910, 0.097016, 0.152358
5500, 0.629055, 0.102257, 0.151140
5750, 0.587929, 0.050194, 0.102332
6000, 0.610315, 0.080346, 0.127239
6250, 0.624086, 0.103182, 0.147048
6500, 0.621485, 0.083503, 0.139295
6750, 0.601126, 0.061790, 0.116216
7000, 0.635788, 0.103147, 0.157673
7250, 0.646944, 0.113545, 0.171181
7500, 0.652866, 0.116261, 0.177543
7750, 0.650680, 0.106950, 0.173253
8000, 0.646926, 0.104512, 0.168975
8250, 0.653052, 0.115655, 0.177553
8500, 0.628251, 0.110558, 0.153533
8750, 0.643021, 0.116425, 0.168563
9000, 0.641805, 0.096565, 0.162503
9250, 0.654365, 0.119952, 0.180030
9500, 0.647459, 0.128698, 0.177188
9750, 0.654395, 0.114020, 0.178438
10000, 0.655842, 0.118417, 0.180969
10250, 0.660834, 0.131139, 0.189634
10500, 0.653538, 0.105570, 0.176052
10750, 0.652587, 0.106179, 0.175118
11000, 0.648900, 0.116077, 0.173772
11250, 0.612024, 0.089326, 0.131382
11500, 0.596367, 0.063170, 0.110315
11750, 0.608378, 0.074232, 0.124239
12000, 0.564447, 0.065001, 0.081599
12250, 0.541185, 0.032733, 0.048266
12500, 0.525728, 0.019509, 0.029865
12750, 0.524709, 0.017331, 0.028377
13000, 0.541994, 0.032856, 0.049046
13250, 0.550248, 0.050716, 0.063640
13500, 0.565107, 0.050631, 0.075944
13750, 0.531675, 0.023614, 0.036662
14000, 0.540492, 0.027078, 0.046368
14250, 0.547447, 0.040529, 0.056649
14500, 0.514453, 0.008373, 0.016760
14750, 0.550313, 0.030325, 0.057923
15000, 0.563171, 0.051140, 0.074351
15250, 0.571617, 0.075702, 0.092526
15500, 0.557801, 0.043995, 0.067141
15750, 0.547436, 0.034741, 0.054756
16000, 0.540242, 0.029401, 0.046436
16250, 0.568114, 0.055181, 0.080183
16500, 0.600754, 0.085380, 0.120019
16750, 0.611487, 0.106974, 0.138394
17000, 0.550248, 0.051639, 0.064125
17250, 0.536142, 0.032244, 0.043730
17500, 0.524093, 0.013622, 0.028114
17750, 0.538161, 0.020604, 0.045246
18000, 0.559886, 0.032242, 0.071088
18250, 0.623053, 0.102466, 0.145878
18500, 0.570648, 0.059969, 0.084197
18750, 0.557864, 0.045518, 0.067658
19000, 0.576915, 0.068461, 0.092994
19250, 0.587270, 0.055764, 0.099950
19500, 0.579252, 0.051411, 0.090730
19750, 0.572456, 0.066163, 0.088351
20000, 0.569235, 0.046365, 0.079284
20250, 0.580019, 0.058433, 0.092329
20500, 0.575417, 0.059318, 0.088180
20750, 0.571197, 0.046986, 0.081506
21000, 0.545042, 0.029445, 0.051562
21250, 0.538482, 0.035672, 0.047170
21500, 0.527352, 0.020496, 0.031685
21750, 0.543087, 0.025794, 0.049654
22000, 0.566366, 0.056224, 0.079050
22250, 0.548518, 0.038773, 0.056931
22500, 0.541625, 0.038853, 0.051148
22750, 0.546797, 0.036933, 0.054757
23000, 0.550330, 0.027754, 0.059195
23250, 0.602417, 0.077851, 0.118938
23500, 0.639646, 0.123985, 0.168703
23750, 0.614798, 0.080264, 0.131802
24000, 0.618177, 0.075285, 0.135364
24250, 0.629544, 0.088139, 0.148445
24500, 0.629861, 0.101413, 0.151608
24750, 0.618403, 0.124865, 0.152812
25000, 0.645757, 0.116615, 0.171076
25250, 0.653583, 0.102296, 0.175847
25500, 0.663994, 0.126815, 0.191072
25750, 0.666264, 0.141482, 0.198291
26000, 0.669147, 0.117761, 0.194131
26250, 0.673693, 0.122312, 0.199553
26500, 0.686734, 0.151285, 0.219825
26750, 0.679593, 0.134310, 0.207975
27000, 0.689166, 0.151179, 0.221969
27250, 0.684797, 0.152143, 0.218423
27500, 0.672768, 0.129480, 0.200141
27750, 0.668942, 0.130041, 0.196659
28000, 0.676440, 0.142526, 0.207560
28250, 0.678823, 0.134867, 0.207379
28500, 0.694582, 0.161814, 0.230593
28750, 0.697507, 0.185318, 0.243149
29000, 0.688834, 0.182538, 0.235071
29250, 0.692811, 0.198843, 0.246428
29500, 0.688405, 0.177322, 0.232203
29750, 0.661871, 0.123638, 0.188150
30000, 0.664664, 0.131236, 0.193096
30250, 0.673415, 0.147646, 0.206851
30500, 0.675562, 0.148472, 0.209012
30750, 0.679593, 0.155459, 0.215262
31000, 0.690663, 0.154247, 0.224372
31250, 0.685826, 0.148689, 0.218111
31500, 0.680908, 0.141876, 0.211392
31750, 0.685797, 0.149710, 0.218436
32000, 0.684372, 0.136047, 0.213057
32250, 0.694719, 0.153952, 0.227931
32500, 0.707631, 0.188706, 0.252773
32750, 0.707420, 0.174773, 0.246688
33000, 0.707170, 0.178156, 0.247832
33250, 0.697969, 0.185690, 0.243689
33500, 0.697842, 0.176752, 0.239489
33750, 0.688923, 0.143207, 0.219288
34000, 0.715103, 0.209364, 0.268484
34250, 0.690939, 0.156623, 0.225470
34500, 0.668924, 0.177143, 0.217473
34750, 0.690617, 0.153452, 0.224054
35000, 0.676954, 0.159950, 0.215031
35250, 0.654578, 0.146541, 0.191019
35500, 0.607567, 0.071010, 0.123142
35750, 0.569368, 0.049007, 0.079721
36000, 0.587330, 0.068170, 0.101945
36250, 0.620443, 0.086266, 0.138626
36500, 0.625995, 0.090257, 0.145020
36750, 0.611346, 0.098980, 0.134568
37000, 0.601593, 0.062818, 0.116607
37250, 0.603885, 0.073387, 0.119389
37500, 0.607278, 0.081153, 0.124475
37750, 0.600709, 0.064040, 0.115366
38000, 0.621396, 0.116526, 0.150716
38250, 0.619522, 0.107410, 0.144961
38500, 0.613761, 0.091359, 0.133639
38750, 0.618349, 0.116334, 0.148293
39000, 0.640268, 0.122389, 0.168533
39250, 0.639164, 0.127599, 0.169932
39500, 0.630508, 0.108323, 0.154583
39750, 0.620191, 0.103405, 0.143800
40000, 0.599445, 0.090527, 0.121133
40250, 0.584251, 0.059914, 0.096892
40500, 0.573944, 0.056401, 0.085927
40750, 0.614037, 0.114873, 0.144312
41000, 0.629096, 0.104796, 0.152047
41250, 0.597722, 0.072693, 0.113067
41500, 0.594508, 0.086819, 0.115478
41750, 0.571061, 0.055307, 0.082903
42000, 0.587896, 0.080699, 0.107379
42250, 0.576025, 0.051989, 0.087143
42500, 0.566625, 0.040206, 0.076689
42750, 0.568851, 0.047394, 0.078953
43000, 0.602195, 0.090380, 0.123306
43250, 0.581787, 0.049174, 0.094191
43500, 0.570634, 0.050210, 0.081228
43750, 0.574383, 0.057382, 0.086624
44000, 0.600199, 0.080542, 0.117733
44250, 0.610892, 0.104456, 0.136713
44500, 0.601907, 0.095495, 0.125399
44750, 0.589789, 0.067147, 0.103978
45000, 0.592120, 0.072087, 0.107593
45250, 0.608314, 0.088935, 0.127935
45500, 0.599511, 0.083302, 0.118137
45750, 0.604992, 0.085456, 0.123738
46000, 0.664762, 0.146331, 0.199066
46250, 0.651270, 0.100379, 0.173186
46500, 0.682263, 0.132731, 0.210222
46750, 0.719303, 0.209731, 0.271891
47000, 0.702947, 0.152133, 0.235111
47250, 0.700512, 0.161142, 0.235589
47500, 0.707059, 0.203136, 0.259247
47750, 0.706626, 0.193561, 0.254227
48000, 0.689585, 0.156107, 0.224090
48250, 0.689067, 0.156136, 0.223647
48500, 0.695715, 0.187299, 0.242708
48750, 0.690215, 0.173624, 0.231910
49000, 0.700322, 0.174970, 0.240765
49250, 0.708343, 0.203601, 0.260455
49500, 0.703473, 0.199211, 0.254552
49750, 0.700754, 0.186139, 0.246097
50000, 0.698760, 0.167876, 0.236546
50250, 0.694752, 0.171237, 0.234552
50500, 0.693524, 0.166955, 0.231727
50750, 0.693919, 0.171044, 0.233781
51000, 0.695668, 0.175881, 0.237332
51250, 0.701468, 0.212315, 0.259937
51500, 0.703081, 0.198767, 0.254032
51750, 0.687938, 0.148140, 0.219847
52000, 0.703889, 0.178396, 0.245183
52250, 0.716016, 0.222663, 0.276026
52500, 0.712190, 0.203799, 0.263498
52750, 0.703377, 0.185220, 0.247767
53000, 0.704888, 0.182191, 0.247643
53250, 0.708939, 0.191964, 0.255311
53500, 0.709755, 0.203327, 0.261395
53750, 0.705128, 0.230111, 0.272470
54000, 0.690615, 0.176261, 0.233445
54250, 0.691220, 0.166782, 0.229725
54500, 0.695474, 0.156803, 0.229570
54750, 0.704650, 0.169445, 0.242245
55000, 0.708543, 0.183585, 0.251257
55250, 0.709199, 0.202484, 0.260552
55500, 0.705413, 0.185237, 0.249418
55750, 0.704813, 0.176290, 0.245079
56000, 0.703137, 0.173414, 0.242490
56250, 0.712683, 0.214034, 0.269039
