# elements, balanced_accuracy_score, cohen_kappa_score, matthews_corrcoef
2000, 0.624537, 0.096465, 0.145149
4000, 0.633230, 0.113321, 0.158873
6000, 0.644680, 0.119905, 0.171301
8000, 0.646819, 0.124874, 0.175076
10000, 0.665610, 0.146819, 0.199975
12000, 0.690333, 0.186549, 0.238215
14000, 0.599195, 0.084998, 0.118540
16000, 0.609629, 0.119626, 0.143711
18000, 0.620273, 0.103729, 0.144002
20000, 0.619277, 0.099242, 0.141371
22000, 0.585871, 0.072469, 0.102172
24000, 0.711331, 0.202595, 0.262245
26000, 0.692464, 0.192606, 0.242904
28000, 0.708163, 0.200281, 0.258669
30000, 0.699382, 0.218927, 0.262134
32000, 0.711120, 0.221732, 0.271980
34000, 0.739275, 0.262820, 0.314632
36000, 0.682047, 0.156302, 0.217676
38000, 0.664764, 0.174351, 0.212972
40000, 0.637152, 0.114190, 0.162586
42000, 0.678630, 0.201105, 0.237687
44000, 0.673196, 0.162413, 0.213175
46000, 0.698681, 0.179935, 0.241590
48000, 0.746180, 0.284539, 0.331885
50000, 0.726134, 0.228659, 0.286620
52000, 0.737195, 0.255530, 0.309092
54000, 0.729784, 0.255298, 0.303802
