# elements, balanced_accuracy_score, cohen_kappa_score, matthews_corrcoef
1500, 0.688875, 0.121202, 0.216285
3000, 0.723972, 0.188615, 0.266333
4500, 0.756193, 0.247864, 0.319029
6000, 0.767813, 0.295119, 0.352698
7500, 0.789051, 0.330023, 0.387292
9000, 0.800470, 0.362944, 0.414494
10500, 0.803890, 0.360234, 0.415055
12000, 0.799257, 0.399765, 0.437222
13500, 0.781139, 0.337445, 0.386514
15000, 0.755771, 0.297113, 0.345697
16500, 0.755843, 0.296961, 0.345655
18000, 0.749155, 0.280113, 0.331304
19500, 0.762058, 0.307614, 0.356100
21000, 0.759293, 0.282449, 0.339627
22500, 0.778128, 0.333594, 0.382231
24000, 0.820409, 0.419216, 0.462341
25500, 0.812493, 0.408204, 0.450492
27000, 0.817554, 0.399703, 0.448094
28500, 0.813502, 0.409013, 0.451616
30000, 0.818368, 0.396533, 0.446601
31500, 0.821008, 0.404352, 0.453158
33000, 0.811061, 0.411512, 0.451814
34500, 0.785837, 0.336839, 0.389198
36000, 0.769080, 0.299924, 0.356309
37500, 0.770928, 0.281351, 0.347307
39000, 0.733259, 0.236541, 0.296005
40500, 0.740432, 0.254461, 0.310800
42000, 0.776883, 0.298611, 0.360991
43500, 0.771986, 0.283722, 0.349347
45000, 0.797271, 0.364217, 0.413243
46500, 0.822605, 0.398361, 0.450388
48000, 0.822647, 0.407139, 0.455929
49500, 0.816779, 0.420087, 0.460785
51000, 0.814940, 0.406860, 0.451078
52500, 0.811251, 0.395320, 0.441453
