# elements, balanced_accuracy_score, cohen_kappa_score, matthews_corrcoef
1500, 0.603924, 0.079650, 0.120874
3000, 0.642119, 0.110081, 0.165641
4500, 0.656027, 0.130005, 0.185000
6000, 0.642642, 0.119390, 0.169335
7500, 0.649902, 0.133443, 0.181247
9000, 0.656991, 0.137272, 0.188749
10500, 0.670818, 0.145308, 0.203701
12000, 0.578068, 0.058693, 0.090485
13500, 0.602918, 0.086068, 0.122149
15000, 0.628248, 0.119850, 0.157656
16500, 0.618901, 0.119363, 0.150255
18000, 0.632085, 0.102193, 0.153911
19500, 0.633653, 0.121446, 0.162700
21000, 0.608706, 0.092298, 0.129564
22500, 0.605405, 0.084535, 0.123784
24000, 0.710890, 0.202931, 0.262070
25500, 0.700880, 0.188679, 0.247395
27000, 0.705275, 0.201238, 0.256938
28500, 0.709784, 0.203382, 0.261445
30000, 0.700068, 0.202956, 0.253923
31500, 0.709615, 0.210692, 0.265026
33000, 0.711496, 0.218682, 0.270612
34500, 0.727303, 0.223705, 0.284951
36000, 0.667334, 0.146810, 0.201394
37500, 0.651500, 0.125978, 0.179534
39000, 0.675725, 0.169910, 0.218774
40500, 0.616518, 0.101143, 0.139777
42000, 0.643969, 0.128501, 0.174222
43500, 0.650054, 0.129740, 0.179794
45000, 0.665699, 0.162228, 0.207295
46500, 0.733330, 0.215248, 0.285521
48000, 0.725540, 0.256279, 0.301477
49500, 0.726410, 0.256416, 0.302145
51000, 0.719740, 0.232329, 0.283925
52500, 0.726334, 0.252160, 0.299639
54000, 0.726436, 0.250618, 0.298828
