# elements, balanced_accuracy_score, cohen_kappa_score, matthews_corrcoef
250, 0.607872, 0.050721, 0.140751
500, 0.632876, 0.064859, 0.167396
750, 0.634680, 0.065437, 0.170327
1000, 0.728313, 0.220289, 0.284014
1250, 0.736412, 0.195537, 0.279765
1500, 0.717851, 0.147512, 0.249578
1750, 0.721558, 0.153885, 0.254234
2000, 0.694650, 0.117957, 0.223926
2250, 0.736828, 0.175756, 0.273916
2500, 0.739004, 0.182333, 0.277743
2750, 0.749181, 0.256986, 0.318478
3000, 0.749953, 0.216425, 0.299622
3250, 0.732194, 0.168911, 0.267773
3500, 0.748766, 0.235725, 0.307360
3750, 0.749283, 0.220662, 0.300865
4000, 0.707076, 0.132291, 0.237164
4250, 0.749609, 0.229882, 0.305264
4500, 0.745954, 0.191072, 0.286832
4750, 0.734355, 0.167380, 0.269649
5000, 0.757379, 0.291879, 0.343699
5250, 0.754588, 0.290344, 0.340922
5500, 0.757587, 0.271572, 0.332407
5750, 0.757291, 0.223384, 0.308670
6000, 0.758614, 0.223352, 0.309767
6250, 0.765808, 0.242900, 0.324200
6500, 0.769098, 0.250494, 0.330340
6750, 0.761170, 0.213997, 0.308317
7000, 0.767109, 0.235164, 0.321828
7250, 0.772007, 0.278348, 0.346496
7500, 0.740211, 0.170875, 0.276263
7750, 0.780774, 0.295269, 0.361921
8000, 0.779148, 0.301451, 0.364165
8250, 0.778474, 0.268770, 0.346453
8500, 0.782459, 0.285697, 0.358055
8750, 0.776868, 0.254274, 0.338271
9000, 0.783149, 0.299584, 0.365973
9250, 0.775393, 0.250215, 0.335233
9500, 0.774576, 0.243511, 0.331591
9750, 0.787402, 0.291231, 0.364600
10000, 0.784779, 0.265653, 0.349855
10250, 0.797961, 0.306046, 0.380161
10500, 0.798840, 0.320048, 0.388375
10750, 0.792498, 0.348230, 0.400402
11000, 0.786242, 0.265666, 0.351017
11250, 0.770794, 0.217636, 0.318170
11500, 0.800273, 0.275540, 0.366762
11750, 0.816570, 0.370043, 0.429242
12000, 0.808802, 0.346234, 0.410077
12250, 0.794143, 0.281071, 0.364563
12500, 0.791829, 0.287189, 0.365831
12750, 0.786113, 0.264286, 0.350271
13000, 0.790835, 0.289669, 0.366346
13250, 0.792490, 0.326613, 0.387649
13500, 0.775770, 0.242054, 0.331949
13750, 0.775188, 0.248337, 0.334221
14000, 0.774754, 0.282882, 0.350909
14250, 0.766389, 0.303190, 0.356367
14500, 0.768319, 0.267218, 0.337971
14750, 0.762000, 0.294539, 0.348376
15000, 0.757880, 0.289878, 0.342880
15250, 0.763203, 0.249437, 0.325213
15500, 0.770518, 0.290097, 0.351777
15750, 0.770048, 0.248987, 0.330390
16000, 0.772078, 0.297747, 0.357144
16250, 0.760868, 0.232847, 0.315690
16500, 0.746559, 0.284057, 0.331854
16750, 0.748110, 0.270281, 0.324986
17000, 0.750423, 0.236836, 0.309186
17250, 0.739280, 0.207518, 0.286967
17500, 0.741391, 0.223023, 0.295542
17750, 0.743809, 0.227145, 0.299386
18000, 0.729695, 0.168233, 0.265141
18250, 0.747145, 0.205690, 0.292947
18500, 0.757419, 0.269741, 0.331292
18750, 0.755138, 0.260383, 0.324637
19000, 0.760616, 0.247775, 0.322398
19250, 0.757862, 0.245528, 0.319171
19500, 0.733610, 0.296024, 0.330898
19750, 0.745379, 0.262168, 0.318551
20000, 0.720266, 0.152579, 0.252700
20250, 0.751650, 0.220137, 0.302598
20500, 0.765556, 0.279961, 0.342683
20750, 0.759882, 0.320513, 0.362575
21000, 0.768190, 0.292025, 0.351215
21250, 0.765245, 0.302702, 0.355313
21500, 0.769999, 0.286028, 0.349171
21750, 0.769983, 0.266202, 0.338704
22000, 0.761928, 0.229000, 0.314902
22250, 0.776538, 0.280649, 0.351041
22500, 0.764212, 0.372483, 0.399233
22750, 0.788943, 0.347532, 0.397683
23000, 0.798456, 0.348777, 0.404626
23250, 0.793607, 0.428329, 0.453742
23500, 0.810378, 0.372053, 0.426416
23750, 0.813929, 0.396980, 0.444143
24000, 0.823118, 0.392541, 0.447111
24250, 0.809408, 0.291544, 0.381497
24500, 0.824096, 0.404607, 0.455226
24750, 0.825442, 0.400516, 0.453510
25000, 0.823011, 0.356159, 0.425513
25250, 0.818738, 0.336366, 0.411496
25500, 0.821464, 0.355450, 0.424041
25750, 0.821188, 0.376702, 0.436256
26000, 0.808802, 0.408966, 0.448825
26250, 0.815862, 0.406810, 0.451598
26500, 0.807718, 0.298724, 0.383693
26750, 0.808970, 0.300869, 0.385717
27000, 0.823892, 0.375076, 0.437076
27250, 0.822505, 0.398014, 0.450110
27500, 0.816375, 0.326851, 0.404660
27750, 0.822087, 0.358263, 0.426074
28000, 0.821082, 0.349480, 0.420405
28250, 0.824030, 0.386125, 0.443781
28500, 0.823054, 0.374421, 0.436132
28750, 0.800724, 0.275070, 0.366907
29000, 0.818316, 0.403711, 0.451102
29250, 0.820124, 0.350430, 0.420270
29500, 0.816387, 0.339451, 0.411516
29750, 0.804860, 0.404403, 0.443528
30000, 0.817568, 0.354078, 0.420578
30250, 0.815338, 0.385644, 0.437921
30500, 0.816748, 0.381183, 0.436079
30750, 0.820353, 0.365649, 0.429167
31000, 0.821412, 0.355697, 0.424145
31250, 0.798034, 0.401641, 0.437767
31500, 0.784904, 0.239910, 0.338782
31750, 0.807357, 0.400877, 0.442686
32000, 0.800646, 0.402035, 0.439525
32250, 0.815621, 0.341980, 0.412383
32500, 0.806032, 0.294889, 0.380503
32750, 0.806307, 0.397809, 0.440072
33000, 0.798684, 0.401118, 0.437790
33250, 0.814368, 0.316184, 0.397574
33500, 0.758088, 0.184540, 0.296994
33750, 0.801233, 0.294521, 0.376652
34000, 0.797129, 0.362188, 0.411900
34250, 0.783717, 0.262978, 0.347759
34500, 0.785791, 0.325659, 0.382548
34750, 0.778009, 0.259326, 0.341533
35000, 0.766279, 0.230997, 0.319374
35250, 0.768861, 0.259652, 0.334573
35500, 0.767511, 0.276667, 0.342320
35750, 0.765757, 0.255656, 0.330218
36000, 0.766326, 0.260264, 0.332941
36250, 0.767786, 0.285983, 0.347571
36500, 0.767778, 0.294212, 0.352161
36750, 0.768253, 0.255024, 0.331840
37000, 0.769991, 0.276401, 0.343990
37250, 0.768825, 0.252557, 0.331101
37500, 0.764729, 0.297880, 0.352162
37750, 0.763116, 0.263767, 0.332307
38000, 0.755074, 0.237489, 0.313148
38250, 0.735809, 0.188473, 0.276707
38500, 0.732424, 0.187161, 0.273213
38750, 0.734021, 0.215761, 0.286309
39000, 0.733662, 0.215106, 0.285719
39250, 0.733958, 0.203079, 0.280659
39500, 0.725081, 0.252442, 0.298943
39750, 0.725866, 0.257415, 0.302359
40000, 0.743398, 0.234515, 0.302617
40250, 0.737400, 0.201567, 0.282950
40500, 0.748043, 0.232755, 0.305373
40750, 0.741534, 0.272198, 0.321547
41000, 0.750934, 0.243912, 0.313044
41250, 0.751630, 0.258181, 0.320901
41500, 0.756128, 0.263422, 0.326970
41750, 0.761523, 0.234372, 0.316898
42000, 0.770948, 0.254813, 0.333841
42250, 0.771808, 0.298699, 0.357494
42500, 0.769291, 0.244328, 0.327650
42750, 0.773092, 0.281171, 0.348786
43000, 0.765700, 0.314472, 0.362599
43250, 0.770008, 0.274312, 0.342903
43500, 0.765058, 0.241683, 0.323042
43750, 0.768981, 0.297988, 0.355135
44000, 0.765791, 0.306310, 0.357796
44250, 0.777486, 0.284166, 0.353588
44500, 0.780475, 0.261904, 0.344693
44750, 0.785010, 0.256224, 0.345714
45000, 0.799268, 0.343309, 0.401930
45250, 0.804325, 0.333401, 0.399679
45500, 0.806200, 0.314890, 0.390875
45750, 0.817710, 0.398737, 0.447580
46000, 0.822231, 0.357881, 0.425955
46250, 0.820605, 0.339573, 0.414580
46500, 0.821256, 0.337534, 0.413937
46750, 0.826290, 0.373841, 0.437948
47000, 0.817561, 0.322475, 0.403217
47250, 0.823222, 0.373416, 0.435649
47500, 0.823875, 0.395359, 0.449328
47750, 0.816811, 0.319458, 0.401088
48000, 0.813922, 0.415247, 0.455938
48250, 0.799262, 0.416349, 0.448383
48500, 0.824567, 0.386034, 0.444074
48750, 0.821971, 0.388680, 0.444010
49000, 0.813162, 0.308873, 0.392924
49250, 0.811911, 0.416719, 0.455742
49500, 0.824592, 0.391522, 0.447427
49750, 0.822888, 0.347680, 0.420667
50000, 0.815536, 0.416981, 0.458018
50250, 0.804367, 0.416165, 0.451085
50500, 0.791890, 0.252121, 0.349638
50750, 0.819742, 0.336361, 0.412213
51000, 0.823539, 0.395674, 0.449309
51250, 0.820257, 0.409452, 0.455945
51500, 0.816362, 0.322777, 0.402492
51750, 0.820783, 0.393550, 0.446253
52000, 0.820612, 0.364752, 0.428817
52250, 0.818594, 0.370716, 0.430978
52500, 0.801498, 0.399317, 0.438224
52750, 0.797909, 0.270695, 0.362653
53000, 0.817000, 0.357850, 0.422363
53250, 0.813109, 0.387919, 0.437932
53500, 0.816492, 0.383835, 0.437538
53750, 0.821394, 0.388411, 0.443476
54000, 0.822734, 0.348008, 0.420740
54250, 0.824703, 0.393814, 0.448903
54500, 0.818505, 0.329950, 0.407865
54750, 0.820697, 0.342755, 0.416393
