# elements, balanced_accuracy_score, cohen_kappa_score, matthews_corrcoef
3000, 0.617118, 0.095722, 0.138172
6000, 0.636783, 0.123245, 0.166041
9000, 0.660699, 0.145671, 0.195465
12000, 0.722666, 0.228776, 0.284129
15000, 0.632724, 0.097633, 0.153302
18000, 0.651262, 0.122710, 0.178125
21000, 0.634049, 0.110085, 0.158339
24000, 0.711040, 0.198601, 0.260089
27000, 0.729561, 0.230833, 0.290292
30000, 0.717908, 0.216867, 0.274399
33000, 0.725834, 0.221018, 0.282484
36000, 0.724027, 0.200289, 0.271249
39000, 0.683932, 0.175185, 0.227688
42000, 0.677987, 0.183430, 0.227415
45000, 0.676469, 0.146762, 0.209133
48000, 0.761623, 0.289095, 0.344999
51000, 0.737664, 0.261203, 0.312601
