# elements, balanced_accuracy_score, cohen_kappa_score, matthews_corrcoef
750, 0.585679, 0.037016, 0.126302
1500, 0.687775, 0.116827, 0.215407
2250, 0.687803, 0.114622, 0.215857
3000, 0.728393, 0.170833, 0.264493
3750, 0.740867, 0.198328, 0.284704
4500, 0.755455, 0.204942, 0.300021
5250, 0.762813, 0.219410, 0.311779
6000, 0.778191, 0.261670, 0.342787
6750, 0.785171, 0.261768, 0.348355
7500, 0.790178, 0.279197, 0.360586
8250, 0.801623, 0.330737, 0.396297
9000, 0.802944, 0.333649, 0.398860
9750, 0.797166, 0.283861, 0.368262
10500, 0.806380, 0.332442, 0.400574
11250, 0.818359, 0.330608, 0.408111
12000, 0.803544, 0.293714, 0.378013
12750, 0.785656, 0.257720, 0.346907
13500, 0.779510, 0.254323, 0.340412
14250, 0.771159, 0.270133, 0.341592
15000, 0.767104, 0.261931, 0.334369
15750, 0.770322, 0.246994, 0.329691
16500, 0.766266, 0.254488, 0.330039
17250, 0.746063, 0.232453, 0.303679
18000, 0.755538, 0.237831, 0.313675
18750, 0.764952, 0.244064, 0.324052
19500, 0.770133, 0.254973, 0.333280
20250, 0.762851, 0.231991, 0.316946
21000, 0.765263, 0.260952, 0.332481
21750, 0.769705, 0.259657, 0.335224
22500, 0.788596, 0.304396, 0.372494
23250, 0.807911, 0.364843, 0.420452
24000, 0.827088, 0.374365, 0.438791
24750, 0.828763, 0.392169, 0.450508
25500, 0.819749, 0.340173, 0.414299
26250, 0.816948, 0.403954, 0.450423
27000, 0.810553, 0.307747, 0.390385
27750, 0.823722, 0.368730, 0.433233
28500, 0.824552, 0.380951, 0.441007
29250, 0.821264, 0.356663, 0.424595
30000, 0.822075, 0.367938, 0.431662
30750, 0.821400, 0.365252, 0.429640
31500, 0.820710, 0.363380, 0.428085
32250, 0.815183, 0.349155, 0.416126
33000, 0.825858, 0.389358, 0.446924
33750, 0.809252, 0.332087, 0.402398
34500, 0.775865, 0.249757, 0.335407
35250, 0.757595, 0.220818, 0.307868
36000, 0.760467, 0.221545, 0.310599
36750, 0.771077, 0.248697, 0.331077
37500, 0.760497, 0.219056, 0.309641
38250, 0.743951, 0.203818, 0.289462
39000, 0.732207, 0.195993, 0.276300
39750, 0.740293, 0.217355, 0.292070
40500, 0.745163, 0.210966, 0.293339
41250, 0.759161, 0.244732, 0.319798
42000, 0.747203, 0.188731, 0.287311
42750, 0.769777, 0.242480, 0.327215
43500, 0.764644, 0.229904, 0.317549
44250, 0.782505, 0.309174, 0.370840
45000, 0.803758, 0.338372, 0.402111
45750, 0.821039, 0.360653, 0.426730
46500, 0.825920, 0.372912, 0.437156
47250, 0.821590, 0.351109, 0.421674
48000, 0.829017, 0.387868, 0.448078
48750, 0.827328, 0.397897, 0.453085
49500, 0.828809, 0.370876, 0.437921
50250, 0.828192, 0.366927, 0.435224
51000, 0.823798, 0.346255, 0.420522
51750, 0.823780, 0.354626, 0.425179
52500, 0.817988, 0.378352, 0.435159
53250, 0.820171, 0.349214, 0.419619
54000, 0.829512, 0.388098, 0.448541
