# elements, balanced_accuracy_score, cohen_kappa_score, matthews_corrcoef
1000, 0.571795, 0.050818, 0.082526
2000, 0.605400, 0.075535, 0.121320
3000, 0.645756, 0.108545, 0.168674
4000, 0.635936, 0.107198, 0.159032
5000, 0.641895, 0.105140, 0.164076
6000, 0.653778, 0.120674, 0.179713
7000, 0.653070, 0.124511, 0.180373
8000, 0.643980, 0.118147, 0.170035
9000, 0.648936, 0.131264, 0.179507
10000, 0.669468, 0.143889, 0.201984
11000, 0.669830, 0.146480, 0.203342
12000, 0.607066, 0.075569, 0.123034
13000, 0.589371, 0.069735, 0.104320
14000, 0.589070, 0.069426, 0.103945
15000, 0.619261, 0.116748, 0.149193
16000, 0.589598, 0.078599, 0.107831
17000, 0.609371, 0.096203, 0.131739
18000, 0.625326, 0.116050, 0.153562
19000, 0.602856, 0.090496, 0.123901
20000, 0.589720, 0.070365, 0.104839
21000, 0.559170, 0.047691, 0.069569
22000, 0.581886, 0.067869, 0.096955
23000, 0.619120, 0.098408, 0.140920
24000, 0.682809, 0.135460, 0.211386
25000, 0.684719, 0.164696, 0.223458
26000, 0.695436, 0.190567, 0.244110
27000, 0.713723, 0.193503, 0.259856
28000, 0.705637, 0.184791, 0.249401
29000, 0.715812, 0.225320, 0.277301
30000, 0.691159, 0.181639, 0.236427
31000, 0.713013, 0.216729, 0.270689
32000, 0.700778, 0.189726, 0.247815
33000, 0.712557, 0.214739, 0.269311
34000, 0.728082, 0.271379, 0.312125
35000, 0.680517, 0.159210, 0.217619
36000, 0.665369, 0.152991, 0.202562
37000, 0.663414, 0.167898, 0.208522
38000, 0.636891, 0.136460, 0.172493
39000, 0.674299, 0.165912, 0.215716
40000, 0.648615, 0.133944, 0.180420
41000, 0.684421, 0.190312, 0.235769
42000, 0.643295, 0.142379, 0.180325
43000, 0.671281, 0.161381, 0.211182
44000, 0.659320, 0.136468, 0.190370
45000, 0.665113, 0.154699, 0.203163
46000, 0.724851, 0.221215, 0.281838
47000, 0.753863, 0.260049, 0.323525
48000, 0.740542, 0.256555, 0.312026
49000, 0.730993, 0.244261, 0.298484
50000, 0.723658, 0.223496, 0.282104
51000, 0.726934, 0.224929, 0.285294
52000, 0.743182, 0.270797, 0.321866
53000, 0.725451, 0.238234, 0.291232
54000, 0.729677, 0.262789, 0.308064
55000, 0.726480, 0.215229, 0.280125
