# elements, balanced_accuracy_score, cohen_kappa_score, matthews_corrcoef
500, 0.563612, 0.060393, 0.078651
1000, 0.547522, 0.032409, 0.054463
1500, 0.597963, 0.096627, 0.122917
2000, 0.562682, 0.039619, 0.071826
2500, 0.581412, 0.053877, 0.093202
3000, 0.615308, 0.086532, 0.133607
3500, 0.625569, 0.094618, 0.145598
4000, 0.623450, 0.101127, 0.145726
4500, 0.606760, 0.069720, 0.122214
5000, 0.615507, 0.086325, 0.133746
5500, 0.630602, 0.094310, 0.150469
6000, 0.637017, 0.103632, 0.158977
6500, 0.640124, 0.096402, 0.160677
7000, 0.646324, 0.119239, 0.172501
7500, 0.650654, 0.115160, 0.175137
8000, 0.654466, 0.116684, 0.179183
8500, 0.642154, 0.123003, 0.170367
9000, 0.651394, 0.122194, 0.178060
9500, 0.660173, 0.120320, 0.185623
10000, 0.663527, 0.132640, 0.192561
10500, 0.668130, 0.132498, 0.196666
11000, 0.677816, 0.151695, 0.212221
11500, 0.673363, 0.144488, 0.205569
12000, 0.610675, 0.105621, 0.137106
12500, 0.565385, 0.045750, 0.075075
13000, 0.582825, 0.060094, 0.095483
13500, 0.582096, 0.069226, 0.097658
14000, 0.584065, 0.061709, 0.097069
14500, 0.555759, 0.037853, 0.063887
15000, 0.616169, 0.097663, 0.138075
15500, 0.613974, 0.110089, 0.141839
16000, 0.591747, 0.076023, 0.108624
16500, 0.600819, 0.083371, 0.119300
17000, 0.596512, 0.078630, 0.113772
17500, 0.585999, 0.061312, 0.098930
18000, 0.631489, 0.100602, 0.152885
18500, 0.604737, 0.081145, 0.122077
19000, 0.620524, 0.098448, 0.142169
19500, 0.610920, 0.084149, 0.128767
20000, 0.583508, 0.058590, 0.095907
20500, 0.606545, 0.081636, 0.123915
21000, 0.608829, 0.074096, 0.124713
21500, 0.574434, 0.063211, 0.088721
22000, 0.543466, 0.024855, 0.050564
22500, 0.595173, 0.092008, 0.118481
23000, 0.599852, 0.075766, 0.115922
23500, 0.667066, 0.150238, 0.202670
24000, 0.657689, 0.109068, 0.180887
24500, 0.660686, 0.147625, 0.196347
25000, 0.667293, 0.124974, 0.193696
25500, 0.672227, 0.150089, 0.206854
26000, 0.690111, 0.155588, 0.224363
26500, 0.690630, 0.145031, 0.221416
27000, 0.687831, 0.157973, 0.223276
27500, 0.684313, 0.147594, 0.216374
28000, 0.689176, 0.155030, 0.223334
28500, 0.690178, 0.176253, 0.233095
29000, 0.697512, 0.182713, 0.241926
29500, 0.696006, 0.169815, 0.234996
30000, 0.688690, 0.151608, 0.221687
30500, 0.693367, 0.166857, 0.231554
31000, 0.701186, 0.174303, 0.241207
31500, 0.702441, 0.170216, 0.240625
32000, 0.699354, 0.183090, 0.243568
32500, 0.705185, 0.171420, 0.243460
33000, 0.705108, 0.184242, 0.248727
33500, 0.699459, 0.175499, 0.240274
34000, 0.698606, 0.216070, 0.259985
34500, 0.680728, 0.160998, 0.218569
35000, 0.652549, 0.138623, 0.185706
35500, 0.599618, 0.078726, 0.116597
36000, 0.612456, 0.090308, 0.132105
36500, 0.628413, 0.102268, 0.150560
37000, 0.606590, 0.084353, 0.124796
37500, 0.630752, 0.114029, 0.157076
38000, 0.621184, 0.133096, 0.159343
38500, 0.645329, 0.144247, 0.182806
39000, 0.635804, 0.118020, 0.162971
39500, 0.618887, 0.105035, 0.143399
40000, 0.608161, 0.092026, 0.128990
40500, 0.588854, 0.066949, 0.103026
41000, 0.631769, 0.093651, 0.151531
41500, 0.612627, 0.087195, 0.131255
42000, 0.613389, 0.102314, 0.137708
42500, 0.605969, 0.082490, 0.123633
43000, 0.613580, 0.096524, 0.135407
43500, 0.636194, 0.116253, 0.162572
44000, 0.651610, 0.137603, 0.184488
44500, 0.613232, 0.098650, 0.135986
45000, 0.567052, 0.050039, 0.077621
45500, 0.611634, 0.108984, 0.139502
46000, 0.652043, 0.106934, 0.174659
46500, 0.702085, 0.172679, 0.241299
47000, 0.704014, 0.166955, 0.240767
47500, 0.724547, 0.249137, 0.296683
48000, 0.708332, 0.196045, 0.256747
48500, 0.696612, 0.177969, 0.239033
49000, 0.720497, 0.209402, 0.272656
49500, 0.714707, 0.215830, 0.271474
50000, 0.702245, 0.180117, 0.244569
50500, 0.707954, 0.182398, 0.250262
51000, 0.709414, 0.198534, 0.258786
51500, 0.709675, 0.195808, 0.257690
52000, 0.715298, 0.202650, 0.265356
52500, 0.703102, 0.201325, 0.255341
53000, 0.708120, 0.186941, 0.252377
53500, 0.704947, 0.195356, 0.253778
54000, 0.719396, 0.239924, 0.287894
54500, 0.697491, 0.162701, 0.233466
55000, 0.710469, 0.178172, 0.250641
55500, 0.715025, 0.194169, 0.261207
56000, 0.722360, 0.227562, 0.283263
