# elements, balanced_accuracy_score, cohen_kappa_score, matthews_corrcoef
500, 0.518360, 0.006841, 0.055351
1000, 0.621569, 0.057704, 0.157092
1500, 0.697131, 0.122396, 0.226180
2000, 0.716912, 0.147913, 0.248592
2500, 0.732531, 0.180849, 0.271241
3000, 0.736283, 0.190953, 0.277988
3500, 0.727590, 0.239350, 0.293372
4000, 0.710597, 0.137547, 0.241081
4500, 0.748523, 0.195847, 0.290702
5000, 0.762548, 0.218601, 0.311239
5500, 0.772699, 0.276804, 0.346195
6000, 0.769151, 0.240103, 0.325653
6500, 0.776623, 0.262043, 0.341741
7000, 0.777822, 0.257612, 0.340580
7500, 0.775522, 0.243429, 0.332334
8000, 0.781538, 0.329462, 0.381961
8500, 0.796051, 0.309338, 0.380533
9000, 0.796183, 0.302174, 0.376811
9500, 0.792191, 0.270639, 0.358056
10000, 0.800198, 0.288057, 0.372655
10500, 0.805363, 0.317067, 0.391427
11000, 0.804147, 0.309482, 0.386514
11500, 0.795079, 0.253413, 0.352856
12000, 0.802642, 0.297471, 0.379205
12500, 0.793096, 0.308094, 0.377733
13000, 0.768054, 0.217757, 0.315765
13500, 0.776283, 0.259232, 0.340129
14000, 0.762227, 0.232307, 0.316568
14500, 0.759294, 0.233630, 0.314755
15000, 0.762283, 0.246759, 0.323210
15500, 0.770506, 0.272929, 0.342550
16000, 0.773044, 0.290260, 0.353661
16500, 0.766428, 0.278783, 0.342672
17000, 0.748735, 0.280630, 0.331317
17500, 0.749971, 0.223692, 0.302755
18000, 0.749320, 0.207556, 0.295547
18500, 0.764620, 0.244782, 0.324121
19000, 0.771882, 0.272431, 0.343314
19500, 0.764952, 0.271457, 0.337683
20000, 0.741404, 0.182106, 0.279966
20500, 0.763909, 0.278839, 0.340893
21000, 0.768414, 0.270421, 0.339694
21500, 0.766822, 0.276500, 0.341729
22000, 0.764341, 0.242203, 0.322705
22500, 0.768258, 0.345601, 0.383603
23000, 0.796991, 0.326961, 0.390948
23500, 0.810342, 0.346565, 0.411320
24000, 0.822366, 0.388582, 0.444204
24500, 0.823159, 0.344684, 0.419203
25000, 0.825818, 0.391350, 0.448110
25500, 0.818300, 0.333426, 0.409585
26000, 0.819461, 0.406028, 0.453276
26500, 0.811021, 0.313104, 0.393490
27000, 0.807151, 0.295838, 0.381831
27500, 0.820644, 0.349972, 0.420374
28000, 0.824076, 0.376756, 0.438194
28500, 0.822813, 0.386307, 0.443104
29000, 0.823576, 0.373433, 0.435895
29500, 0.812823, 0.315120, 0.395875
30000, 0.821198, 0.380792, 0.438719
30500, 0.820272, 0.381668, 0.438647
31000, 0.813546, 0.314810, 0.396251
31500, 0.824878, 0.376416, 0.438524
32000, 0.806715, 0.406789, 0.446177
32500, 0.815676, 0.322211, 0.401690
33000, 0.809575, 0.405910, 0.447275
33500, 0.795298, 0.254815, 0.353616
34000, 0.799961, 0.310359, 0.383914
34500, 0.790102, 0.290015, 0.365974
35000, 0.772876, 0.247734, 0.332082
35500, 0.761097, 0.225047, 0.312556
36000, 0.772161, 0.252236, 0.333581
36500, 0.781331, 0.285843, 0.357298
37000, 0.775596, 0.255537, 0.337845
37500, 0.775206, 0.266071, 0.342612
38000, 0.766855, 0.262564, 0.334500
38500, 0.742855, 0.204291, 0.288699
39000, 0.737257, 0.219480, 0.290610
39500, 0.734942, 0.221804, 0.289885
40000, 0.735982, 0.244634, 0.302281
40500, 0.744389, 0.227071, 0.299810
41000, 0.750503, 0.242198, 0.311864
41500, 0.762255, 0.268368, 0.334073
42000, 0.754479, 0.200361, 0.297612
42500, 0.775638, 0.273827, 0.346842
43000, 0.774370, 0.299540, 0.359750
43500, 0.772319, 0.273555, 0.344221
44000, 0.763419, 0.307441, 0.356892
44500, 0.786073, 0.283221, 0.359476
45000, 0.804235, 0.331504, 0.398548
45500, 0.809023, 0.311563, 0.391206
46000, 0.823967, 0.386615, 0.444037
46500, 0.824814, 0.371222, 0.435424
47000, 0.820967, 0.351861, 0.421663
47500, 0.822443, 0.352566, 0.423088
48000, 0.819372, 0.410179, 0.455877
48500, 0.825239, 0.387545, 0.445424
49000, 0.821688, 0.343065, 0.417268
49500, 0.827060, 0.401161, 0.454930
50000, 0.826851, 0.400192, 0.454198
50500, 0.827406, 0.377537, 0.440868
51000, 0.823134, 0.348935, 0.421538
51500, 0.826562, 0.370392, 0.436117
52000, 0.820579, 0.381064, 0.438480
52500, 0.817709, 0.381568, 0.436931
53000, 0.817786, 0.380208, 0.436154
53500, 0.822237, 0.369717, 0.432814
54000, 0.827101, 0.369917, 0.436207
54500, 0.827831, 0.392141, 0.449888
