# elements, balanced_accuracy_score, cohen_kappa_score, matthews_corrcoef
4000, 0.611836, 0.093205, 0.132610
8000, 0.633267, 0.104739, 0.155795
12000, 0.708179, 0.189295, 0.253482
16000, 0.610669, 0.089241, 0.130133
20000, 0.633217, 0.107761, 0.156765
24000, 0.730281, 0.219376, 0.285086
28000, 0.719993, 0.213747, 0.274400
32000, 0.721990, 0.231086, 0.284871
36000, 0.759375, 0.311152, 0.356490
40000, 0.688184, 0.217583, 0.253744
44000, 0.727316, 0.262319, 0.306208
48000, 0.799407, 0.329253, 0.393920
52000, 0.760069, 0.330176, 0.368772
