# elements, balanced_accuracy_score, cohen_kappa_score, matthews_corrcoef
2000, 0.704569, 0.165853, 0.240863
4000, 0.740558, 0.224716, 0.295677
6000, 0.780927, 0.284316, 0.356201
8000, 0.790337, 0.352328, 0.401511
10000, 0.808334, 0.344883, 0.408980
12000, 0.812057, 0.351549, 0.415360
14000, 0.773724, 0.335890, 0.380834
16000, 0.755149, 0.323393, 0.361454
18000, 0.751793, 0.305218, 0.348002
20000, 0.753734, 0.316981, 0.356530
22000, 0.753944, 0.321071, 0.359243
24000, 0.821952, 0.420661, 0.464194
26000, 0.815394, 0.409611, 0.453128
28000, 0.824505, 0.397032, 0.450760
30000, 0.818613, 0.383156, 0.438480
32000, 0.813696, 0.401530, 0.446903
34000, 0.793100, 0.411943, 0.442011
36000, 0.774848, 0.315049, 0.368989
38000, 0.742186, 0.296166, 0.336322
40000, 0.728991, 0.269058, 0.311321
42000, 0.762516, 0.322912, 0.365721
44000, 0.761152, 0.318404, 0.362070
46000, 0.826786, 0.422413, 0.468206
48000, 0.814948, 0.409565, 0.452832
50000, 0.815828, 0.419787, 0.460035
52000, 0.813254, 0.396103, 0.443174
