# elements, balanced_accuracy_score, cohen_kappa_score, matthews_corrcoef
4500, 0.624523, 0.227877, 0.235350
9000, 0.645815, 0.269552, 0.276493
13500, 0.665246, 0.309366, 0.314983
18000, 0.722778, 0.417594, 0.424895
22500, 0.632002, 0.240404, 0.249171
27000, 0.644329, 0.263239, 0.272539
31500, 0.704947, 0.363810, 0.385496
36000, 0.726595, 0.429184, 0.434490
40500, 0.723079, 0.424262, 0.428752
45000, 0.726469, 0.435077, 0.438033
49500, 0.757938, 0.466685, 0.486197
54000, 0.712728, 0.378943, 0.400197
58500, 0.724567, 0.427665, 0.431955
63000, 0.780103, 0.520895, 0.532357
67500, 0.742574, 0.455315, 0.462950
72000, 0.754279, 0.490187, 0.492978
