# elements, balanced_accuracy_score, cohen_kappa_score, matthews_corrcoef
4000, 0.653884, 0.280219, 0.290466
8000, 0.658983, 0.289301, 0.300041
12000, 0.684751, 0.344921, 0.351719
16000, 0.712394, 0.395299, 0.403806
20000, 0.641981, 0.257619, 0.267780
24000, 0.624067, 0.228390, 0.234914
28000, 0.651829, 0.291193, 0.293338
32000, 0.749996, 0.473507, 0.479360
36000, 0.722860, 0.409937, 0.421866
40000, 0.732235, 0.439093, 0.444875
44000, 0.728968, 0.436241, 0.440538
48000, 0.778857, 0.527436, 0.534291
52000, 0.729826, 0.415116, 0.433073
56000, 0.712161, 0.397356, 0.404485
60000, 0.715421, 0.397399, 0.408179
64000, 0.800947, 0.570076, 0.577094
68000, 0.746771, 0.470390, 0.474932
72000, 0.752700, 0.479715, 0.485166
