# elements, balanced_accuracy_score, cohen_kappa_score, matthews_corrcoef
3000, 0.620401, 0.218954, 0.227192
6000, 0.636240, 0.252041, 0.258409
9000, 0.649137, 0.271755, 0.281552
12000, 0.650695, 0.281339, 0.286884
15000, 0.673327, 0.321589, 0.329117
18000, 0.630508, 0.247678, 0.250524
21000, 0.614825, 0.213524, 0.218229
24000, 0.615131, 0.207692, 0.216901
27000, 0.625092, 0.235394, 0.239034
30000, 0.663193, 0.311134, 0.314115
33000, 0.733077, 0.442047, 0.447251
36000, 0.714691, 0.402907, 0.409700
39000, 0.718108, 0.417446, 0.420830
42000, 0.716151, 0.413513, 0.416933
45000, 0.720406, 0.422986, 0.426010
48000, 0.771946, 0.502169, 0.515461
51000, 0.700697, 0.380308, 0.384931
54000, 0.688452, 0.362248, 0.364641
57000, 0.699324, 0.379488, 0.383337
60000, 0.691662, 0.362782, 0.367374
63000, 0.791492, 0.555689, 0.561033
66000, 0.732182, 0.443804, 0.447615
69000, 0.738950, 0.458587, 0.461861
72000, 0.742124, 0.464894, 0.468140
