# elements, balanced_accuracy_score, cohen_kappa_score, matthews_corrcoef
1500, 0.597380, 0.154858, 0.194043
3000, 0.623674, 0.219781, 0.232635
4500, 0.634756, 0.239375, 0.253476
6000, 0.632337, 0.238168, 0.249224
7500, 0.649275, 0.270530, 0.281465
9000, 0.639542, 0.253563, 0.263264
10500, 0.642406, 0.262122, 0.269629
12000, 0.645434, 0.268803, 0.275754
13500, 0.647010, 0.274086, 0.279703
15000, 0.661975, 0.307362, 0.310908
16500, 0.634747, 0.244561, 0.254152
18000, 0.657614, 0.295303, 0.300542
19500, 0.615514, 0.211614, 0.218390
21000, 0.619980, 0.222202, 0.227661
22500, 0.624619, 0.227463, 0.235367
24000, 0.615577, 0.213217, 0.218997
25500, 0.626904, 0.235317, 0.240913
27000, 0.662944, 0.304365, 0.310275
28500, 0.660263, 0.301129, 0.306015
30000, 0.641749, 0.265073, 0.270053
31500, 0.722369, 0.406048, 0.420030
33000, 0.716107, 0.406595, 0.412918
34500, 0.714096, 0.410931, 0.413850
36000, 0.710328, 0.395346, 0.401686
37500, 0.709567, 0.395609, 0.401112
39000, 0.721295, 0.424040, 0.427299
40500, 0.714710, 0.415056, 0.417080
42000, 0.717688, 0.418168, 0.421023
43500, 0.730408, 0.447175, 0.448880
45000, 0.722514, 0.426294, 0.429599
46500, 0.755425, 0.495377, 0.497355
48000, 0.715404, 0.395832, 0.407623
49500, 0.685099, 0.340024, 0.350237
51000, 0.713975, 0.390892, 0.404223
52500, 0.716698, 0.398254, 0.410086
54000, 0.689748, 0.357150, 0.362630
55500, 0.677487, 0.317526, 0.334011
57000, 0.686583, 0.353386, 0.357761
58500, 0.685178, 0.346194, 0.352749
60000, 0.675857, 0.324512, 0.333249
61500, 0.712395, 0.403152, 0.407754
63000, 0.768333, 0.525223, 0.526259
64500, 0.748343, 0.485302, 0.486409
66000, 0.736047, 0.452521, 0.455923
67500, 0.748049, 0.482852, 0.484348
69000, 0.746055, 0.468101, 0.472996
70500, 0.749376, 0.479254, 0.482454
72000, 0.748458, 0.469136, 0.475610
73500, 0.746708, 0.469128, 0.474123
75000, 0.752495, 0.489053, 0.491174
