# elements, balanced_accuracy_score, cohen_kappa_score, matthews_corrcoef
1000, 0.606412, 0.154864, 0.258693
2000, 0.717938, 0.362596, 0.417168
3000, 0.727084, 0.379816, 0.433364
4000, 0.752145, 0.445726, 0.474250
5000, 0.759296, 0.470443, 0.489031
6000, 0.759067, 0.462160, 0.487419
7000, 0.765110, 0.469562, 0.498638
8000, 0.780038, 0.501156, 0.527020
9000, 0.795093, 0.549171, 0.561016
10000, 0.784678, 0.507319, 0.535568
11000, 0.798933, 0.547356, 0.565080
12000, 0.802314, 0.562739, 0.574800
13000, 0.806849, 0.569497, 0.582722
14000, 0.809886, 0.577076, 0.589301
15000, 0.821218, 0.612400, 0.618274
16000, 0.815536, 0.587186, 0.599868
17000, 0.787024, 0.517771, 0.540738
18000, 0.772234, 0.482550, 0.512044
19000, 0.777442, 0.502377, 0.523044
20000, 0.777924, 0.510941, 0.526007
21000, 0.764541, 0.473058, 0.497818
22000, 0.766546, 0.486938, 0.503538
23000, 0.754979, 0.453931, 0.479665
24000, 0.759393, 0.466419, 0.488443
25000, 0.769528, 0.492884, 0.509311
26000, 0.776992, 0.515829, 0.526750
27000, 0.769464, 0.489711, 0.508394
28000, 0.766372, 0.480432, 0.501817
29000, 0.761081, 0.467919, 0.491420
30000, 0.780023, 0.521055, 0.532335
31000, 0.801912, 0.569043, 0.577390
32000, 0.819716, 0.591578, 0.606453
33000, 0.829777, 0.619307, 0.629529
34000, 0.832327, 0.630110, 0.637603
35000, 0.831056, 0.630230, 0.636648
36000, 0.828512, 0.622652, 0.630157
37000, 0.828228, 0.621025, 0.629002
38000, 0.827557, 0.615923, 0.625685
39000, 0.830286, 0.628420, 0.634960
40000, 0.827090, 0.617641, 0.626149
41000, 0.825819, 0.621396, 0.627267
42000, 0.826110, 0.620159, 0.626745
43000, 0.828524, 0.627495, 0.633059
44000, 0.824206, 0.607649, 0.618311
45000, 0.838238, 0.651640, 0.655473
46000, 0.802687, 0.545663, 0.570185
47000, 0.779003, 0.499648, 0.525108
48000, 0.770476, 0.486779, 0.509377
49000, 0.779712, 0.522380, 0.532579
50000, 0.771525, 0.496891, 0.513188
51000, 0.775677, 0.517576, 0.526190
52000, 0.769050, 0.493588, 0.508880
53000, 0.770649, 0.511163, 0.518156
54000, 0.766452, 0.502057, 0.509495
55000, 0.761052, 0.472615, 0.492128
56000, 0.769734, 0.498181, 0.511304
57000, 0.766606, 0.487991, 0.503921
58000, 0.764886, 0.484733, 0.500637
59000, 0.767410, 0.495171, 0.507380
60000, 0.785425, 0.540307, 0.547125
61000, 0.808901, 0.580703, 0.589978
62000, 0.826337, 0.613677, 0.623379
63000, 0.831096, 0.623638, 0.632988
64000, 0.833951, 0.634927, 0.641729
65000, 0.835968, 0.646856, 0.650790
66000, 0.831661, 0.628290, 0.636010
67000, 0.832122, 0.631795, 0.638419
68000, 0.830559, 0.623986, 0.632679
69000, 0.833623, 0.634007, 0.640924
70000, 0.834560, 0.640793, 0.645819
71000, 0.832229, 0.634716, 0.640289
72000, 0.831933, 0.631245, 0.637943
73000, 0.834434, 0.643407, 0.647478
