# elements, balanced_accuracy_score, cohen_kappa_score, matthews_corrcoef
5000, 0.649249, 0.266986, 0.280869
10000, 0.645564, 0.264802, 0.274696
15000, 0.679935, 0.338087, 0.343576
20000, 0.637679, 0.259603, 0.263358
25000, 0.659348, 0.295861, 0.302657
30000, 0.661475, 0.311448, 0.313171
35000, 0.719082, 0.405233, 0.415512
40000, 0.720760, 0.422817, 0.426137
45000, 0.723657, 0.433228, 0.435099
50000, 0.747832, 0.448803, 0.467229
55000, 0.691932, 0.356692, 0.364684
60000, 0.696802, 0.377589, 0.380322
65000, 0.761270, 0.519965, 0.520020
70000, 0.741779, 0.452149, 0.460633
