# elements, balanced_accuracy_score, cohen_kappa_score, matthews_corrcoef
250, 0.573544, 0.105873, 0.186937
500, 0.598903, 0.144294, 0.238226
750, 0.645882, 0.225531, 0.302957
1000, 0.682869, 0.303164, 0.350821
1250, 0.690302, 0.318529, 0.363028
1500, 0.690788, 0.312294, 0.369378
1750, 0.714637, 0.364794, 0.406631
2000, 0.722337, 0.379788, 0.420484
2250, 0.716877, 0.362171, 0.414245
2500, 0.739013, 0.433324, 0.450708
2750, 0.743785, 0.444598, 0.460335
3000, 0.720495, 0.367218, 0.421812
3250, 0.734205, 0.399726, 0.443048
3500, 0.750082, 0.480897, 0.484014
3750, 0.755543, 0.470436, 0.483863
4000, 0.742162, 0.417414, 0.456828
4250, 0.745919, 0.427323, 0.463184
4500, 0.751908, 0.447972, 0.473862
4750, 0.755953, 0.479962, 0.488257
5000, 0.758536, 0.475020, 0.489223
5250, 0.756127, 0.457662, 0.481951
5500, 0.758939, 0.470887, 0.488609
5750, 0.760817, 0.486396, 0.496291
6000, 0.763186, 0.482883, 0.497805
6250, 0.758692, 0.458203, 0.486567
6500, 0.763328, 0.469357, 0.495407
6750, 0.766578, 0.473580, 0.501436
7000, 0.779446, 0.519604, 0.531080
7250, 0.781734, 0.522795, 0.534992
7500, 0.782930, 0.521169, 0.535827
7750, 0.783824, 0.519502, 0.536464
8000, 0.791859, 0.547370, 0.556788
8250, 0.787817, 0.523203, 0.543054
8500, 0.791742, 0.533567, 0.551305
8750, 0.797651, 0.564792, 0.571321
9000, 0.791925, 0.529307, 0.550496
9250, 0.800765, 0.579760, 0.583073
9500, 0.802584, 0.582938, 0.586370
9750, 0.801369, 0.557709, 0.571681
10000, 0.793786, 0.531368, 0.553735
10250, 0.804405, 0.591275, 0.593408
10500, 0.808037, 0.592721, 0.596439
10750, 0.808319, 0.575011, 0.586692
11000, 0.804060, 0.559947, 0.575794
11250, 0.809880, 0.591623, 0.596969
11500, 0.811202, 0.595772, 0.600547
11750, 0.796171, 0.533308, 0.557812
12000, 0.812548, 0.599145, 0.603662
12250, 0.809107, 0.601199, 0.603179
12500, 0.807752, 0.565420, 0.582345
12750, 0.808536, 0.566422, 0.583688
13000, 0.818177, 0.603546, 0.610607
13250, 0.820842, 0.608333, 0.615568
13500, 0.818332, 0.617482, 0.619921
13750, 0.819002, 0.598156, 0.608512
14000, 0.821595, 0.614660, 0.619960
14250, 0.813730, 0.580633, 0.595148
14500, 0.819477, 0.617463, 0.620507
14750, 0.820466, 0.617401, 0.621033
15000, 0.792171, 0.520815, 0.549674
15250, 0.819863, 0.589300, 0.605807
15500, 0.828251, 0.631367, 0.635409
15750, 0.815370, 0.582114, 0.597682
16000, 0.808458, 0.569393, 0.584596
16250, 0.805431, 0.583996, 0.588944
16500, 0.796056, 0.551727, 0.563176
16750, 0.793145, 0.549407, 0.559061
17000, 0.790629, 0.547740, 0.555792
17250, 0.781455, 0.509957, 0.530674
17500, 0.788642, 0.543569, 0.551771
17750, 0.787885, 0.541190, 0.549836
18000, 0.782117, 0.518053, 0.533750
18250, 0.781164, 0.516591, 0.532040
18500, 0.779503, 0.543300, 0.545165
18750, 0.776747, 0.504417, 0.522498
19000, 0.783815, 0.532499, 0.541547
19250, 0.780540, 0.543725, 0.545989
19500, 0.779338, 0.515322, 0.529293
19750, 0.778151, 0.541316, 0.543023
20000, 0.783125, 0.532453, 0.540853
20250, 0.777362, 0.507892, 0.524313
20500, 0.773229, 0.494826, 0.515117
20750, 0.782766, 0.532107, 0.540335
21000, 0.780591, 0.541582, 0.544463
21250, 0.782645, 0.529830, 0.539086
21500, 0.781537, 0.530312, 0.538253
21750, 0.777168, 0.515915, 0.526982
22000, 0.769883, 0.495265, 0.510502
22250, 0.769355, 0.499686, 0.511430
22500, 0.769693, 0.509288, 0.516289
22750, 0.770147, 0.503280, 0.513819
23000, 0.768532, 0.495637, 0.508908
23250, 0.770051, 0.511194, 0.517649
23500, 0.768322, 0.499005, 0.509974
23750, 0.769913, 0.503446, 0.513637
24000, 0.770579, 0.504133, 0.514662
24250, 0.766703, 0.488798, 0.504292
24500, 0.772310, 0.507464, 0.518000
24750, 0.766369, 0.482375, 0.502178
25000, 0.775958, 0.517669, 0.526512
25250, 0.776746, 0.519557, 0.528217
25500, 0.777990, 0.519661, 0.529527
25750, 0.770208, 0.488365, 0.509227
26000, 0.779316, 0.530980, 0.536699
26250, 0.777980, 0.521139, 0.530213
26500, 0.773010, 0.505632, 0.518040
26750, 0.771905, 0.503390, 0.515869
27000, 0.774419, 0.512195, 0.522366
27250, 0.775063, 0.511958, 0.522963
27500, 0.774180, 0.509189, 0.520814
27750, 0.773635, 0.507253, 0.519407
28000, 0.770847, 0.494377, 0.511549
28250, 0.772552, 0.531851, 0.533216
28500, 0.775390, 0.512860, 0.523710
28750, 0.762553, 0.471395, 0.494295
29000, 0.772283, 0.510170, 0.519209
29250, 0.772154, 0.511791, 0.519880
29500, 0.773973, 0.519488, 0.525657
29750, 0.775018, 0.520066, 0.526877
30000, 0.772070, 0.493669, 0.513133
30250, 0.788941, 0.542715, 0.551624
30500, 0.796859, 0.569766, 0.573820
30750, 0.800504, 0.565153, 0.574060
31000, 0.807856, 0.582498, 0.589972
31250, 0.811558, 0.584174, 0.594300
31500, 0.816500, 0.591379, 0.602759
31750, 0.823466, 0.614230, 0.621133
32000, 0.823402, 0.604861, 0.616172
32250, 0.830211, 0.631636, 0.636892
32500, 0.832291, 0.632877, 0.639201
32750, 0.818564, 0.586335, 0.603150
33000, 0.834977, 0.646445, 0.649916
33250, 0.832323, 0.626677, 0.635715
33500, 0.837145, 0.649900, 0.653609
33750, 0.836286, 0.639504, 0.646298
34000, 0.830984, 0.622867, 0.632486
34250, 0.836898, 0.642080, 0.648323
34500, 0.835688, 0.646798, 0.650581
34750, 0.834914, 0.644560, 0.648565
35000, 0.833974, 0.633577, 0.640961
35250, 0.834722, 0.636045, 0.643006
35500, 0.833833, 0.633898, 0.641030
35750, 0.828486, 0.616348, 0.626802
36000, 0.829753, 0.620682, 0.630200
36250, 0.827368, 0.613641, 0.624373
36500, 0.832039, 0.639906, 0.643605
36750, 0.830024, 0.641108, 0.643404
37000, 0.829449, 0.621385, 0.630285
37250, 0.829041, 0.622727, 0.630651
37500, 0.831217, 0.636808, 0.640971
37750, 0.830566, 0.629685, 0.635940
38000, 0.830237, 0.633835, 0.638343
38250, 0.825631, 0.608883, 0.620351
38500, 0.829412, 0.621765, 0.630453
38750, 0.832079, 0.638094, 0.642388
39000, 0.823676, 0.602934, 0.615600
39250, 0.832461, 0.630185, 0.637759
39500, 0.822980, 0.633208, 0.634278
39750, 0.820857, 0.596416, 0.609702
40000, 0.809259, 0.564681, 0.584149
40250, 0.814862, 0.622180, 0.622567
40500, 0.830272, 0.627400, 0.634346
40750, 0.818757, 0.589350, 0.604463
41000, 0.822181, 0.600368, 0.612852
41250, 0.831552, 0.638526, 0.642355
41500, 0.832132, 0.640567, 0.644123
41750, 0.815979, 0.581886, 0.598361
42000, 0.832080, 0.634282, 0.639908
42250, 0.812420, 0.620125, 0.620278
42500, 0.834714, 0.637762, 0.644026
42750, 0.833460, 0.633184, 0.640311
43000, 0.816019, 0.623953, 0.624395
43250, 0.833704, 0.637909, 0.643369
43500, 0.831572, 0.643068, 0.645633
43750, 0.831668, 0.642927, 0.645576
44000, 0.815777, 0.581520, 0.597981
44250, 0.826911, 0.611801, 0.623034
44500, 0.829061, 0.641567, 0.643330
44750, 0.829304, 0.641321, 0.643241
45000, 0.834293, 0.632495, 0.640621
45250, 0.818513, 0.584605, 0.602520
45500, 0.799872, 0.532911, 0.564069
45750, 0.808950, 0.573669, 0.586823
46000, 0.800365, 0.595316, 0.595526
46250, 0.792917, 0.538443, 0.554363
46500, 0.783827, 0.514044, 0.535103
46750, 0.785370, 0.528599, 0.541523
47000, 0.778331, 0.512972, 0.527212
47250, 0.782273, 0.539006, 0.543842
47500, 0.779567, 0.526876, 0.534630
47750, 0.756586, 0.455745, 0.482637
48000, 0.751659, 0.443766, 0.473354
48250, 0.770547, 0.513031, 0.519106
48500, 0.763350, 0.515153, 0.516227
48750, 0.772091, 0.503998, 0.516324
49000, 0.776206, 0.515338, 0.525682
49250, 0.778321, 0.526424, 0.533265
49500, 0.776035, 0.521032, 0.528305
49750, 0.770638, 0.524430, 0.526641
50000, 0.775068, 0.516672, 0.525145
50250, 0.764974, 0.476501, 0.498958
50500, 0.773706, 0.507816, 0.519714
50750, 0.767542, 0.522761, 0.523964
51000, 0.774305, 0.523719, 0.528446
51250, 0.770013, 0.496956, 0.511221
51500, 0.769404, 0.518149, 0.521476
51750, 0.771352, 0.506212, 0.516412
52000, 0.761812, 0.474689, 0.493706
52250, 0.771312, 0.509523, 0.517928
52500, 0.767026, 0.513074, 0.516533
52750, 0.768119, 0.506434, 0.513340
53000, 0.752162, 0.449174, 0.474381
53250, 0.754382, 0.461858, 0.479837
53500, 0.761339, 0.490737, 0.498862
53750, 0.763177, 0.500270, 0.505670
54000, 0.764435, 0.496905, 0.504948
54250, 0.758361, 0.471745, 0.488009
54500, 0.761213, 0.477365, 0.493510
54750, 0.770437, 0.508774, 0.516708
55000, 0.770955, 0.514528, 0.520306
55250, 0.773065, 0.511842, 0.520798
55500, 0.774887, 0.516801, 0.525035
55750, 0.772086, 0.505692, 0.516998
56000, 0.770906, 0.516409, 0.521390
56250, 0.768231, 0.506077, 0.513249
56500, 0.764004, 0.490778, 0.501685
56750, 0.762283, 0.481024, 0.496035
57000, 0.767098, 0.495518, 0.507151
57250, 0.766742, 0.512629, 0.516052
57500, 0.766134, 0.496916, 0.506678
57750, 0.765395, 0.491926, 0.503746
58000, 0.765372, 0.502059, 0.508525
58250, 0.761696, 0.503881, 0.506937
58500, 0.760614, 0.479190, 0.493269
58750, 0.765390, 0.503674, 0.509454
59000, 0.764241, 0.508939, 0.511977
59250, 0.765366, 0.487610, 0.502160
59500, 0.770467, 0.512326, 0.518639
59750, 0.773153, 0.516132, 0.523080
60000, 0.773002, 0.495569, 0.514939
60250, 0.792157, 0.561150, 0.565004
60500, 0.802253, 0.577623, 0.582629
60750, 0.808755, 0.574030, 0.586751
61000, 0.819879, 0.610403, 0.616039
61250, 0.823043, 0.615777, 0.621724
61500, 0.817303, 0.584070, 0.600783
61750, 0.825416, 0.610418, 0.620861
62000, 0.831867, 0.633968, 0.639556
62250, 0.822915, 0.599498, 0.613307
62500, 0.832052, 0.634721, 0.640164
62750, 0.823541, 0.600602, 0.614472
63000, 0.833099, 0.635541, 0.641444
63250, 0.831527, 0.643905, 0.646241
63500, 0.832581, 0.634138, 0.640191
63750, 0.828813, 0.619092, 0.628496
64000, 0.832168, 0.631501, 0.638281
64250, 0.830200, 0.643080, 0.645002
64500, 0.835606, 0.639792, 0.645943
64750, 0.834651, 0.644811, 0.648578
65000, 0.835952, 0.639606, 0.646096
65250, 0.833429, 0.631368, 0.639248
65500, 0.834796, 0.643561, 0.647810
65750, 0.826600, 0.611177, 0.622421
66000, 0.829579, 0.620505, 0.629945
66250, 0.831919, 0.627197, 0.635629
66500, 0.831338, 0.643378, 0.645751
66750, 0.831375, 0.644955, 0.646976
67000, 0.833780, 0.632119, 0.639969
67250, 0.832660, 0.628274, 0.636873
67500, 0.826763, 0.610191, 0.622138
67750, 0.833813, 0.638870, 0.644059
68000, 0.833558, 0.637293, 0.642874
68250, 0.831757, 0.627549, 0.635680
68500, 0.833388, 0.634426, 0.640986
68750, 0.834614, 0.641945, 0.646610
69000, 0.836101, 0.643186, 0.648433
69250, 0.835977, 0.642507, 0.647911
69500, 0.828501, 0.640835, 0.642520
69750, 0.822333, 0.599451, 0.612628
70000, 0.819107, 0.590704, 0.605394
70250, 0.826490, 0.637948, 0.639415
70500, 0.833904, 0.636504, 0.642641
70750, 0.831453, 0.629532, 0.636549
71000, 0.829459, 0.622634, 0.630965
71250, 0.824403, 0.605924, 0.617708
71500, 0.832355, 0.642218, 0.645423
71750, 0.832841, 0.642348, 0.645790
72000, 0.832545, 0.642013, 0.645383
72250, 0.832317, 0.641368, 0.644795
72500, 0.828264, 0.640046, 0.641798
72750, 0.833172, 0.631786, 0.639267
73000, 0.835570, 0.641968, 0.647280
73250, 0.836105, 0.646122, 0.650373
73500, 0.836222, 0.645284, 0.649886
73750, 0.831511, 0.641053, 0.644119
74000, 0.823050, 0.601826, 0.614435
74250, 0.834847, 0.644870, 0.648737
74500, 0.831552, 0.643639, 0.646052
