# elements, balanced_accuracy_score, cohen_kappa_score, matthews_corrcoef
1500, 0.610504, 0.162869, 0.257093
3000, 0.676685, 0.280664, 0.352548
4500, 0.723614, 0.398537, 0.420689
6000, 0.739466, 0.431745, 0.451102
7500, 0.765286, 0.479701, 0.499996
9000, 0.784812, 0.524744, 0.539429
10500, 0.800234, 0.564017, 0.573228
12000, 0.804378, 0.582296, 0.587114
13500, 0.816165, 0.606073, 0.610644
15000, 0.827844, 0.621585, 0.628989
16500, 0.797801, 0.551679, 0.565134
18000, 0.789081, 0.548894, 0.555081
19500, 0.785168, 0.541696, 0.547702
21000, 0.776591, 0.514960, 0.525936
22500, 0.771804, 0.512037, 0.519675
24000, 0.775676, 0.526310, 0.531070
25500, 0.779803, 0.526113, 0.534459
27000, 0.774113, 0.508885, 0.520614
28500, 0.770286, 0.504615, 0.514558
30000, 0.780853, 0.529978, 0.537448
31500, 0.819128, 0.609298, 0.614797
33000, 0.833791, 0.637657, 0.643272
34500, 0.831167, 0.633570, 0.638802
36000, 0.830992, 0.631566, 0.637414
37500, 0.829783, 0.632395, 0.637089
39000, 0.831557, 0.636380, 0.640902
40500, 0.829652, 0.628405, 0.634462
42000, 0.827799, 0.628541, 0.633224
43500, 0.831355, 0.639785, 0.643123
45000, 0.836101, 0.653467, 0.655674
46500, 0.799269, 0.562090, 0.571329
48000, 0.780816, 0.525153, 0.535007
49500, 0.779689, 0.522507, 0.532612
51000, 0.777412, 0.524273, 0.531288
52500, 0.770740, 0.506878, 0.516076
54000, 0.764398, 0.494735, 0.503860
55500, 0.773847, 0.511024, 0.521231
57000, 0.775538, 0.520255, 0.527440
58500, 0.769003, 0.504797, 0.513328
60000, 0.783997, 0.535361, 0.543173
61500, 0.818320, 0.599018, 0.608277
63000, 0.832358, 0.632578, 0.639073
64500, 0.835205, 0.645227, 0.649202
66000, 0.833616, 0.638217, 0.643502
67500, 0.833300, 0.640314, 0.644665
69000, 0.834518, 0.647209, 0.650209
70500, 0.833304, 0.638204, 0.643276
72000, 0.833813, 0.636937, 0.642840
