# elements, balanced_accuracy_score, cohen_kappa_score, matthews_corrcoef
500, 0.602106, 0.152289, 0.229401
1000, 0.615644, 0.169907, 0.271827
1500, 0.661835, 0.250313, 0.335809
2000, 0.733435, 0.406763, 0.439492
2500, 0.747392, 0.442891, 0.465597
3000, 0.715072, 0.352244, 0.416204
3500, 0.763266, 0.496618, 0.503700
4000, 0.762249, 0.474883, 0.494404
4500, 0.753572, 0.455459, 0.477412
5000, 0.749377, 0.478604, 0.482019
5500, 0.744068, 0.424401, 0.459647
6000, 0.760303, 0.479919, 0.493124
6500, 0.752902, 0.442992, 0.475870
7000, 0.771244, 0.500552, 0.514015
7500, 0.771301, 0.486074, 0.510637
8000, 0.777769, 0.537825, 0.540205
8500, 0.777745, 0.496874, 0.522686
9000, 0.791534, 0.543227, 0.554542
9500, 0.793244, 0.556695, 0.563015
10000, 0.777900, 0.494222, 0.522757
10500, 0.796361, 0.564600, 0.570179
11000, 0.793427, 0.538024, 0.554898
11500, 0.802780, 0.572286, 0.579909
12000, 0.801267, 0.557594, 0.571515
12500, 0.799008, 0.548785, 0.565617
13000, 0.806104, 0.567530, 0.581074
13500, 0.814049, 0.592103, 0.600698
14000, 0.812859, 0.588781, 0.597862
14500, 0.801422, 0.550334, 0.569335
15000, 0.819951, 0.603943, 0.612365
15500, 0.826598, 0.613048, 0.623318
16000, 0.810427, 0.574433, 0.588849
16500, 0.798132, 0.552927, 0.566011
17000, 0.789996, 0.535533, 0.549687
17500, 0.789865, 0.543045, 0.552703
18000, 0.786845, 0.529086, 0.543488
18500, 0.788699, 0.541783, 0.550925
19000, 0.779351, 0.509384, 0.527473
19500, 0.785976, 0.539922, 0.547399
20000, 0.784795, 0.545792, 0.549960
20500, 0.768008, 0.477896, 0.504226
21000, 0.779218, 0.515531, 0.529221
21500, 0.780816, 0.538109, 0.542240
22000, 0.771802, 0.497655, 0.513786
22500, 0.775632, 0.515735, 0.525259
23000, 0.775605, 0.517055, 0.525862
23500, 0.773303, 0.510023, 0.520201
24000, 0.772297, 0.506597, 0.517613
24500, 0.771038, 0.500879, 0.513882
25000, 0.775443, 0.518763, 0.526566
25500, 0.774056, 0.505205, 0.519154
26000, 0.777190, 0.519840, 0.528795
26500, 0.775028, 0.511639, 0.522788
27000, 0.778627, 0.525243, 0.532905
27500, 0.772180, 0.500452, 0.515159
28000, 0.777675, 0.517200, 0.528092
28500, 0.778987, 0.523552, 0.532389
29000, 0.766927, 0.485433, 0.503688
29500, 0.776406, 0.519767, 0.527992
30000, 0.778738, 0.513038, 0.527748
30500, 0.794767, 0.553555, 0.562694
31000, 0.805638, 0.578976, 0.586098
31500, 0.806661, 0.559874, 0.579224
32000, 0.821614, 0.611811, 0.618223
32500, 0.824711, 0.609072, 0.619505
33000, 0.831801, 0.631697, 0.638110
33500, 0.831125, 0.626207, 0.634387
34000, 0.820917, 0.594291, 0.608918
34500, 0.829896, 0.636235, 0.639773
35000, 0.829953, 0.626004, 0.633275
35500, 0.829921, 0.622377, 0.631242
36000, 0.829915, 0.625780, 0.633115
36500, 0.825701, 0.609021, 0.620488
37000, 0.827943, 0.632381, 0.635923
37500, 0.825655, 0.609297, 0.620568
38000, 0.831097, 0.640297, 0.643348
38500, 0.806645, 0.557018, 0.578482
39000, 0.828521, 0.638984, 0.641082
39500, 0.826363, 0.613382, 0.623255
40000, 0.811649, 0.570523, 0.589083
40500, 0.832419, 0.643390, 0.646306
41000, 0.819138, 0.590183, 0.605233
41500, 0.831274, 0.640945, 0.643913
42000, 0.823964, 0.605995, 0.617282
42500, 0.829170, 0.630499, 0.635434
43000, 0.829306, 0.634211, 0.638010
43500, 0.830969, 0.637357, 0.641193
44000, 0.827845, 0.615519, 0.625763
44500, 0.834485, 0.642844, 0.647128
45000, 0.829593, 0.618509, 0.628955
45500, 0.781434, 0.487231, 0.530420
46000, 0.813578, 0.612490, 0.613944
46500, 0.799656, 0.551368, 0.567296
47000, 0.789637, 0.527679, 0.546775
47500, 0.790376, 0.553788, 0.559025
48000, 0.773423, 0.489116, 0.514550
48500, 0.779311, 0.546793, 0.547857
49000, 0.784538, 0.543396, 0.548247
49500, 0.771767, 0.489043, 0.511799
50000, 0.780151, 0.538973, 0.542384
50500, 0.777496, 0.513282, 0.526302
51000, 0.775845, 0.535656, 0.537624
51500, 0.774709, 0.508431, 0.521131
52000, 0.773342, 0.506730, 0.518859
52500, 0.772805, 0.510287, 0.519797
53000, 0.767563, 0.491628, 0.506311
53500, 0.766946, 0.491078, 0.505335
54000, 0.767400, 0.515277, 0.518273
54500, 0.762712, 0.475714, 0.495277
55000, 0.770487, 0.504048, 0.514523
55500, 0.775722, 0.516942, 0.525924
56000, 0.777400, 0.523335, 0.530772
56500, 0.775126, 0.521445, 0.527739
57000, 0.765344, 0.481294, 0.500410
57500, 0.766981, 0.484046, 0.503450
58000, 0.774976, 0.526772, 0.530867
58500, 0.769332, 0.494110, 0.509415
59000, 0.769182, 0.519817, 0.522506
59500, 0.747836, 0.431335, 0.466682
60000, 0.778138, 0.513644, 0.527213
60500, 0.792619, 0.553909, 0.560905
61000, 0.801420, 0.559895, 0.572605
61500, 0.810653, 0.576804, 0.590046
62000, 0.822867, 0.610982, 0.618783
62500, 0.825180, 0.612573, 0.621719
63000, 0.821827, 0.597461, 0.611234
63500, 0.826506, 0.615303, 0.624375
64000, 0.823593, 0.604626, 0.616264
64500, 0.827949, 0.637682, 0.639820
65000, 0.826674, 0.611076, 0.622451
65500, 0.831705, 0.628789, 0.636329
66000, 0.830944, 0.629517, 0.636132
66500, 0.829691, 0.624279, 0.632075
67000, 0.830333, 0.634952, 0.639154
67500, 0.820326, 0.592403, 0.607495
68000, 0.828779, 0.637125, 0.639803
68500, 0.827134, 0.611582, 0.623163
69000, 0.831947, 0.641093, 0.644389
69500, 0.830427, 0.637461, 0.640944
70000, 0.805378, 0.553559, 0.575835
70500, 0.819812, 0.627957, 0.628862
71000, 0.823442, 0.604344, 0.615976
71500, 0.830862, 0.635673, 0.639977
72000, 0.829538, 0.637788, 0.640686
72500, 0.826128, 0.634616, 0.636634
73000, 0.821190, 0.596984, 0.610314
73500, 0.830803, 0.627397, 0.634780
74000, 0.829963, 0.622993, 0.631608
