# elements, balanced_accuracy_score, cohen_kappa_score, matthews_corrcoef
1000, 0.594497, 0.163665, 0.178084
2000, 0.595801, 0.172052, 0.180366
3000, 0.612834, 0.202646, 0.212434
4000, 0.619872, 0.220167, 0.226806
5000, 0.617204, 0.214071, 0.221401
6000, 0.624608, 0.221611, 0.234398
7000, 0.638209, 0.246633, 0.260037
8000, 0.652324, 0.274371, 0.286901
9000, 0.648861, 0.268122, 0.280377
10000, 0.640613, 0.255006, 0.265171
11000, 0.650330, 0.273290, 0.283646
12000, 0.682419, 0.341754, 0.347830
13000, 0.649295, 0.278896, 0.284296
14000, 0.681981, 0.334548, 0.344419
15000, 0.683755, 0.343237, 0.349902
16000, 0.628055, 0.224087, 0.240973
17000, 0.651225, 0.280733, 0.287211
18000, 0.646533, 0.264695, 0.276125
19000, 0.623499, 0.224628, 0.233049
20000, 0.585544, 0.155788, 0.161473
21000, 0.603487, 0.193086, 0.196960
22000, 0.611759, 0.207738, 0.212366
23000, 0.621318, 0.223571, 0.229792
24000, 0.586303, 0.154027, 0.162380
25000, 0.602349, 0.187808, 0.193595
26000, 0.617575, 0.221469, 0.224785
27000, 0.612773, 0.202939, 0.212378
28000, 0.619820, 0.222389, 0.227548
29000, 0.601813, 0.184885, 0.192056
30000, 0.631868, 0.243404, 0.249914
31000, 0.658442, 0.295094, 0.301321
32000, 0.715695, 0.393950, 0.407448
33000, 0.700086, 0.364399, 0.377687
34000, 0.711913, 0.384746, 0.399726
35000, 0.711062, 0.388737, 0.399703
36000, 0.712831, 0.400393, 0.406639
37000, 0.702266, 0.377226, 0.384888
38000, 0.709507, 0.392205, 0.399340
39000, 0.730897, 0.432232, 0.440103
40000, 0.731179, 0.441988, 0.445746
41000, 0.730408, 0.432046, 0.439520
42000, 0.727629, 0.434702, 0.438586
43000, 0.734197, 0.440762, 0.447550
44000, 0.718057, 0.414250, 0.418828
45000, 0.736953, 0.450224, 0.455167
46000, 0.725241, 0.432368, 0.435424
47000, 0.707271, 0.377372, 0.391222
48000, 0.706692, 0.403933, 0.404849
49000, 0.696465, 0.364448, 0.373024
50000, 0.691346, 0.369990, 0.371766
51000, 0.712840, 0.399298, 0.406102
52000, 0.698600, 0.378397, 0.382119
53000, 0.703935, 0.375735, 0.386249
54000, 0.689868, 0.363476, 0.366393
55000, 0.682335, 0.354405, 0.355626
56000, 0.706388, 0.380960, 0.391144
57000, 0.711973, 0.412156, 0.413542
58000, 0.705343, 0.400302, 0.401414
59000, 0.710516, 0.400533, 0.404704
60000, 0.677821, 0.337452, 0.341336
61000, 0.704886, 0.390504, 0.394293
62000, 0.752235, 0.475426, 0.482392
63000, 0.757689, 0.490819, 0.495712
64000, 0.748536, 0.476509, 0.480076
65000, 0.737615, 0.456060, 0.459304
66000, 0.736441, 0.445091, 0.451893
67000, 0.742377, 0.459315, 0.464886
68000, 0.740675, 0.449454, 0.458241
69000, 0.742523, 0.452351, 0.461511
70000, 0.745740, 0.465357, 0.471149
71000, 0.745601, 0.476890, 0.478651
72000, 0.747307, 0.472492, 0.476634
73000, 0.740188, 0.454327, 0.460218
74000, 0.746888, 0.476103, 0.478763
75000, 0.743450, 0.466502, 0.470084
