# elements, balanced_accuracy_score, cohen_kappa_score, matthews_corrcoef
750, 0.552641, 0.108466, 0.108898
1500, 0.584481, 0.141990, 0.160817
2250, 0.621358, 0.235588, 0.236472
3000, 0.634189, 0.241553, 0.252720
3750, 0.642144, 0.259424, 0.268458
4500, 0.652920, 0.275252, 0.287994
5250, 0.638130, 0.254930, 0.261769
6000, 0.642806, 0.260289, 0.269618
6750, 0.656872, 0.283699, 0.295669
7500, 0.656617, 0.279690, 0.294689
8250, 0.657099, 0.282542, 0.295829
9000, 0.646616, 0.266919, 0.276731
9750, 0.648761, 0.267494, 0.280121
10500, 0.647672, 0.270161, 0.279079
11250, 0.650445, 0.272836, 0.283712
12000, 0.662907, 0.301688, 0.309108
12750, 0.648590, 0.279367, 0.283813
13500, 0.665582, 0.303663, 0.313147
14250, 0.676881, 0.320658, 0.333540
15000, 0.677761, 0.331989, 0.338466
15750, 0.649132, 0.275644, 0.282769
16500, 0.644820, 0.254828, 0.272417
17250, 0.663688, 0.301294, 0.309923
18000, 0.650453, 0.275145, 0.284305
18750, 0.628099, 0.230315, 0.241209
19500, 0.607141, 0.172316, 0.210801
20250, 0.648683, 0.276806, 0.282714
21000, 0.622039, 0.218747, 0.229711
21750, 0.627424, 0.224817, 0.239672
22500, 0.635883, 0.235752, 0.255997
23250, 0.641085, 0.244950, 0.265766
24000, 0.623086, 0.220692, 0.231689
24750, 0.635798, 0.247344, 0.256343
25500, 0.632557, 0.243065, 0.250680
26250, 0.633843, 0.240985, 0.252077
27000, 0.655998, 0.277614, 0.293456
27750, 0.660039, 0.291598, 0.302128
28500, 0.637228, 0.235611, 0.259131
29250, 0.650351, 0.277589, 0.284966
30000, 0.640836, 0.246521, 0.265019
30750, 0.656800, 0.276166, 0.294940
31500, 0.711415, 0.373900, 0.397640
32250, 0.724281, 0.412221, 0.424448
33000, 0.706364, 0.378638, 0.390331
33750, 0.700145, 0.362825, 0.377407
34500, 0.714243, 0.388092, 0.403929
35250, 0.702828, 0.369232, 0.382823
36000, 0.710374, 0.390771, 0.399644
36750, 0.709910, 0.382901, 0.396389
37500, 0.709356, 0.383432, 0.395778
38250, 0.707850, 0.385078, 0.394448
39000, 0.722616, 0.418305, 0.425084
39750, 0.720469, 0.420928, 0.424728
40500, 0.721949, 0.404862, 0.419123
41250, 0.715716, 0.395377, 0.407890
42000, 0.713262, 0.395993, 0.405072
42750, 0.722459, 0.415650, 0.423655
43500, 0.725904, 0.426851, 0.432598
44250, 0.713261, 0.398266, 0.406048
45000, 0.730519, 0.436657, 0.442037
45750, 0.725175, 0.416890, 0.427215
46500, 0.739858, 0.444284, 0.455154
47250, 0.733870, 0.431344, 0.443104
48000, 0.735736, 0.427603, 0.444575
48750, 0.720512, 0.399460, 0.415752
49500, 0.722891, 0.400707, 0.419697
50250, 0.679546, 0.314196, 0.337870
51000, 0.700922, 0.364517, 0.378933
51750, 0.680179, 0.335130, 0.342468
52500, 0.709244, 0.385508, 0.396301
53250, 0.687140, 0.339100, 0.352851
54000, 0.689547, 0.354607, 0.361185
54750, 0.663215, 0.304985, 0.310843
55500, 0.687157, 0.348690, 0.355980
56250, 0.679195, 0.330628, 0.339558
57000, 0.691172, 0.360472, 0.365685
57750, 0.674651, 0.319612, 0.330093
58500, 0.671663, 0.306170, 0.322968
59250, 0.682753, 0.333303, 0.345090
60000, 0.650818, 0.266949, 0.283668
60750, 0.676018, 0.317649, 0.331630
61500, 0.701438, 0.364577, 0.379722
62250, 0.774553, 0.514745, 0.523691
63000, 0.758701, 0.492694, 0.497627
63750, 0.740732, 0.454724, 0.460915
64500, 0.721941, 0.410395, 0.420886
65250, 0.728216, 0.419813, 0.432013
66000, 0.722981, 0.409271, 0.421807
66750, 0.726673, 0.419037, 0.429820
67500, 0.727230, 0.425639, 0.433243
68250, 0.740849, 0.446956, 0.457365
69000, 0.733046, 0.435834, 0.444003
69750, 0.745293, 0.463405, 0.469684
70500, 0.742861, 0.459657, 0.465491
71250, 0.752904, 0.478847, 0.484842
72000, 0.752819, 0.472261, 0.481421
72750, 0.739898, 0.446430, 0.456071
73500, 0.743273, 0.453116, 0.462662
74250, 0.742816, 0.458079, 0.464593
75000, 0.741308, 0.448737, 0.458619
75750, 0.746901, 0.456153, 0.468074
