# elements, balanced_accuracy_score, cohen_kappa_score, matthews_corrcoef
2000, 0.591685, 0.164737, 0.172627
4000, 0.630672, 0.238965, 0.246925
6000, 0.636313, 0.250464, 0.257945
8000, 0.654231, 0.282034, 0.291439
10000, 0.643132, 0.260352, 0.270100
12000, 0.658589, 0.289963, 0.299662
14000, 0.664125, 0.308767, 0.313583
16000, 0.699170, 0.361203, 0.375599
18000, 0.652562, 0.279761, 0.288517
20000, 0.616160, 0.216404, 0.220936
22000, 0.623310, 0.226208, 0.233223
24000, 0.648735, 0.281810, 0.285250
26000, 0.672967, 0.337428, 0.338314
28000, 0.676658, 0.336372, 0.339769
30000, 0.680204, 0.337191, 0.343412
32000, 0.744319, 0.469703, 0.472784
34000, 0.721985, 0.414106, 0.422457
36000, 0.717404, 0.405141, 0.413554
38000, 0.714410, 0.401128, 0.408565
40000, 0.733677, 0.446052, 0.450116
42000, 0.719441, 0.413319, 0.419521
44000, 0.731265, 0.443090, 0.446514
46000, 0.741164, 0.462087, 0.465648
48000, 0.734421, 0.431069, 0.443707
50000, 0.702382, 0.381432, 0.387035
52000, 0.705384, 0.383474, 0.391014
54000, 0.701364, 0.388206, 0.390408
56000, 0.703838, 0.399100, 0.399866
58000, 0.715013, 0.408968, 0.413277
60000, 0.716250, 0.412081, 0.416112
62000, 0.752459, 0.478141, 0.484066
64000, 0.748329, 0.479877, 0.482264
66000, 0.741545, 0.461128, 0.465306
68000, 0.750332, 0.476270, 0.481237
70000, 0.749214, 0.466141, 0.474839
72000, 0.754363, 0.483115, 0.488500
74000, 0.756983, 0.487138, 0.492983
