# elements, balanced_accuracy_score, cohen_kappa_score, matthews_corrcoef
500, 0.583752, 0.151375, 0.157836
1000, 0.620357, 0.211089, 0.226444
1500, 0.627579, 0.232091, 0.240758
2000, 0.614019, 0.213260, 0.217242
2500, 0.626099, 0.236919, 0.240772
3000, 0.620904, 0.215497, 0.227460
3500, 0.622597, 0.226697, 0.232492
4000, 0.626053, 0.230046, 0.238066
4500, 0.625760, 0.222374, 0.236537
5000, 0.633130, 0.242246, 0.251247
5500, 0.625121, 0.220489, 0.235349
6000, 0.631227, 0.244791, 0.249732
6500, 0.630072, 0.231971, 0.244716
7000, 0.633370, 0.245250, 0.252440
7500, 0.647983, 0.264032, 0.278424
8000, 0.651606, 0.279160, 0.287082
8500, 0.652941, 0.275747, 0.288108
9000, 0.654806, 0.281637, 0.292142
9500, 0.657336, 0.284202, 0.296480
10000, 0.651842, 0.272793, 0.285887
10500, 0.644306, 0.265970, 0.273346
11000, 0.642683, 0.266509, 0.271690
11500, 0.647926, 0.269912, 0.279361
12000, 0.668796, 0.307142, 0.318556
12500, 0.654795, 0.287395, 0.294006
13000, 0.665637, 0.299459, 0.312172
13500, 0.662699, 0.299135, 0.307938
14000, 0.673215, 0.320319, 0.328492
14500, 0.667816, 0.304215, 0.316444
15000, 0.662331, 0.302510, 0.308792
15500, 0.644857, 0.241541, 0.276916
16000, 0.625942, 0.213897, 0.238659
16500, 0.606077, 0.187923, 0.199517
17000, 0.631315, 0.239369, 0.247930
17500, 0.645326, 0.257854, 0.273349
18000, 0.585653, 0.133253, 0.176015
18500, 0.623509, 0.232471, 0.236039
19000, 0.613777, 0.205049, 0.214317
19500, 0.596084, 0.177038, 0.181985
20000, 0.584760, 0.150642, 0.159436
20500, 0.604655, 0.197289, 0.200165
21000, 0.591315, 0.164021, 0.171924
21500, 0.604407, 0.194671, 0.198652
22000, 0.594677, 0.166230, 0.178116
22500, 0.610409, 0.196030, 0.207676
23000, 0.617227, 0.219672, 0.223549
23500, 0.603807, 0.185763, 0.195360
24000, 0.605684, 0.190964, 0.199160
24500, 0.617025, 0.218791, 0.222928
25000, 0.612168, 0.205487, 0.212065
25500, 0.610633, 0.207516, 0.211072
26000, 0.614704, 0.211007, 0.217137
26500, 0.613301, 0.193463, 0.214301
27000, 0.625296, 0.226634, 0.236163
27500, 0.629059, 0.231037, 0.242890
28000, 0.616318, 0.215083, 0.220583
28500, 0.602704, 0.181272, 0.193174
29000, 0.590993, 0.156932, 0.171631
29500, 0.597684, 0.168777, 0.184178
30000, 0.608920, 0.202338, 0.206921
30500, 0.609812, 0.190532, 0.206879
31000, 0.619157, 0.208300, 0.224253
31500, 0.691399, 0.369919, 0.371744
32000, 0.712467, 0.383146, 0.400254
32500, 0.703972, 0.368406, 0.384354
33000, 0.687818, 0.353421, 0.358892
33500, 0.682623, 0.312034, 0.345346
34000, 0.697463, 0.358749, 0.372524
34500, 0.695167, 0.353284, 0.367912
35000, 0.693653, 0.348121, 0.364639
35500, 0.709348, 0.390143, 0.398236
36000, 0.702920, 0.374382, 0.384508
36500, 0.689212, 0.348489, 0.358322
37000, 0.700323, 0.375013, 0.381834
37500, 0.696219, 0.356733, 0.370235
38000, 0.690880, 0.342705, 0.359358
38500, 0.700587, 0.380530, 0.384965
39000, 0.717966, 0.405341, 0.414260
39500, 0.715759, 0.418748, 0.420343
40000, 0.713003, 0.396776, 0.405111
40500, 0.706013, 0.384261, 0.392038
41000, 0.709603, 0.389546, 0.398265
41500, 0.712238, 0.396820, 0.404313
42000, 0.716418, 0.420355, 0.421875
42500, 0.723914, 0.424191, 0.429397
43000, 0.719041, 0.405984, 0.415753
43500, 0.719299, 0.432845, 0.433168
44000, 0.705717, 0.379181, 0.389680
44500, 0.714665, 0.398225, 0.407587
45000, 0.724169, 0.430820, 0.433693
45500, 0.714407, 0.386748, 0.403926
46000, 0.718187, 0.427417, 0.428198
46500, 0.706837, 0.358059, 0.389830
47000, 0.693812, 0.330783, 0.366635
47500, 0.689852, 0.336853, 0.357098
48000, 0.684264, 0.338222, 0.348571
48500, 0.680310, 0.325848, 0.339800
49000, 0.666700, 0.296985, 0.313608
49500, 0.649455, 0.254815, 0.282823
50000, 0.652651, 0.289220, 0.292754
50500, 0.655748, 0.288874, 0.295698
51000, 0.667959, 0.300231, 0.316056
51500, 0.658830, 0.291311, 0.300388
52000, 0.649608, 0.269663, 0.281816
52500, 0.657125, 0.287871, 0.297067
53000, 0.629702, 0.223460, 0.244705
53500, 0.646197, 0.265833, 0.275861
54000, 0.648643, 0.265854, 0.279723
54500, 0.625446, 0.228706, 0.236858
55000, 0.627293, 0.231604, 0.240226
55500, 0.632708, 0.232792, 0.249679
56000, 0.646863, 0.262297, 0.276339
56500, 0.675524, 0.335040, 0.338094
57000, 0.650945, 0.270316, 0.284091
57500, 0.666844, 0.307490, 0.316031
58000, 0.625625, 0.220346, 0.236354
58500, 0.666102, 0.303215, 0.313724
59000, 0.682582, 0.341852, 0.348042
59500, 0.655259, 0.283198, 0.293184
60000, 0.635140, 0.247058, 0.255346
60500, 0.661324, 0.303365, 0.308163
61000, 0.661537, 0.290697, 0.304212
61500, 0.668723, 0.315154, 0.321277
62000, 0.701729, 0.360317, 0.379578
62500, 0.767258, 0.511392, 0.515583
63000, 0.757366, 0.479240, 0.489409
63500, 0.748953, 0.472134, 0.477702
64000, 0.737899, 0.451412, 0.456630
64500, 0.721700, 0.409787, 0.420368
65000, 0.723953, 0.411032, 0.423639
65500, 0.727076, 0.417032, 0.429631
66000, 0.728918, 0.442908, 0.444959
66500, 0.726383, 0.416402, 0.428529
67000, 0.731651, 0.443689, 0.447168
67500, 0.727489, 0.428812, 0.435081
68000, 0.716848, 0.397667, 0.410098
68500, 0.721637, 0.417152, 0.423563
69000, 0.729100, 0.434205, 0.439449
69500, 0.733632, 0.442018, 0.447707
70000, 0.742541, 0.451613, 0.461209
70500, 0.728990, 0.452099, 0.452422
71000, 0.735874, 0.444374, 0.450990
71500, 0.741124, 0.447886, 0.458058
72000, 0.743739, 0.461541, 0.467298
72500, 0.742909, 0.458888, 0.465112
73000, 0.735710, 0.451593, 0.455088
73500, 0.740939, 0.442146, 0.455750
74000, 0.747028, 0.464142, 0.471681
74500, 0.740789, 0.462810, 0.465881
75000, 0.738577, 0.451789, 0.457415
75500, 0.742759, 0.456576, 0.463760
76000, 0.749934, 0.468198, 0.476545
