# elements, balanced_accuracy_score, cohen_kappa_score, matthews_corrcoef
4500, 0.748058, 0.440389, 0.466589
9000, 0.781958, 0.511845, 0.531836
13500, 0.808789, 0.571169, 0.585653
18000, 0.789664, 0.532867, 0.548341
22500, 0.778001, 0.523636, 0.531484
27000, 0.776523, 0.522753, 0.529672
31500, 0.804494, 0.572119, 0.581411
36000, 0.826831, 0.620625, 0.627598
40500, 0.830258, 0.628237, 0.634829
45000, 0.836651, 0.645744, 0.650475
49500, 0.776339, 0.517998, 0.527052
54000, 0.768815, 0.516760, 0.520162
58500, 0.770977, 0.503678, 0.514910
63000, 0.830336, 0.627301, 0.634341
67500, 0.831741, 0.629067, 0.636519
