# elements, balanced_accuracy_score, cohen_kappa_score, matthews_corrcoef
5000, 0.748511, 0.455316, 0.469852
10000, 0.801041, 0.563846, 0.573947
15000, 0.816918, 0.613114, 0.615969
20000, 0.779749, 0.525140, 0.533922
25000, 0.771757, 0.505887, 0.516712
30000, 0.777309, 0.513731, 0.526251
35000, 0.825664, 0.609959, 0.620889
40000, 0.833062, 0.642201, 0.645814
45000, 0.837520, 0.647871, 0.652459
50000, 0.778428, 0.516758, 0.528753
55000, 0.773460, 0.514958, 0.522738
60000, 0.777185, 0.515597, 0.526866
65000, 0.833953, 0.633581, 0.640945
