# elements, balanced_accuracy_score, cohen_kappa_score, matthews_corrcoef
2000, 0.669617, 0.264570, 0.347122
4000, 0.738160, 0.428846, 0.448553
6000, 0.748995, 0.463635, 0.473485
8000, 0.776871, 0.515618, 0.526526
10000, 0.795759, 0.561672, 0.567961
12000, 0.801417, 0.577733, 0.582115
14000, 0.814206, 0.600224, 0.605517
16000, 0.813800, 0.597240, 0.603379
18000, 0.792717, 0.551013, 0.559442
20000, 0.786392, 0.545870, 0.551159
22000, 0.776479, 0.524392, 0.530552
24000, 0.776877, 0.521807, 0.529486
26000, 0.779530, 0.530227, 0.536435
28000, 0.777272, 0.526010, 0.532140
30000, 0.780017, 0.525841, 0.534531
32000, 0.822294, 0.612190, 0.618991
34000, 0.836001, 0.642300, 0.647797
36000, 0.830223, 0.627834, 0.634562
38000, 0.829404, 0.634539, 0.638297
40000, 0.829742, 0.631726, 0.636623
42000, 0.826192, 0.630730, 0.633758
44000, 0.831284, 0.639027, 0.642546
46000, 0.812988, 0.598443, 0.603514
48000, 0.785440, 0.537981, 0.545880
50000, 0.777698, 0.539324, 0.541288
52000, 0.775186, 0.528263, 0.531989
54000, 0.772316, 0.517586, 0.523197
56000, 0.777134, 0.522529, 0.530102
58000, 0.773954, 0.521938, 0.527085
60000, 0.784063, 0.539413, 0.545473
62000, 0.826511, 0.624718, 0.629858
64000, 0.831686, 0.634226, 0.639589
66000, 0.832498, 0.638552, 0.642965
68000, 0.831810, 0.634882, 0.640096
70000, 0.831274, 0.639057, 0.642560
72000, 0.831286, 0.637690, 0.641616
