# elements, balanced_accuracy_score, cohen_kappa_score, matthews_corrcoef
5500, 0.636964, 0.247036, 0.258025
11000, 0.657069, 0.289532, 0.297536
16500, 0.717011, 0.407850, 0.414420
22000, 0.649829, 0.277693, 0.284381
27500, 0.655371, 0.286700, 0.294424
33000, 0.749176, 0.473110, 0.478449
38500, 0.723822, 0.420572, 0.427388
44000, 0.737632, 0.457538, 0.460316
49500, 0.771881, 0.503739, 0.515974
55000, 0.729248, 0.418954, 0.433120
60500, 0.728695, 0.446689, 0.447750
66000, 0.759471, 0.494864, 0.499538
