# elements, balanced_accuracy_score, cohen_kappa_score, matthews_corrcoef
250, 0.513058, 0.026105, 0.026105
500, 0.569836, 0.121633, 0.131488
750, 0.579835, 0.139273, 0.150285
1000, 0.593212, 0.167535, 0.175510
1250, 0.605258, 0.195754, 0.200055
1500, 0.583334, 0.148286, 0.156762
1750, 0.571479, 0.123688, 0.134729
2000, 0.607012, 0.200547, 0.204078
2250, 0.613859, 0.211244, 0.216194
2500, 0.616304, 0.211989, 0.219583
2750, 0.611443, 0.198154, 0.209632
3000, 0.613642, 0.199196, 0.213821
3250, 0.618683, 0.220461, 0.225463
3500, 0.619080, 0.220897, 0.226095
3750, 0.634217, 0.243599, 0.253152
4000, 0.626176, 0.232284, 0.238911
4250, 0.637191, 0.245845, 0.258224
4500, 0.638187, 0.243799, 0.259918
4750, 0.633551, 0.241921, 0.251795
5000, 0.629841, 0.238914, 0.245811
5250, 0.618124, 0.221055, 0.225119
5500, 0.633545, 0.244499, 0.252435
5750, 0.629469, 0.241773, 0.246504
6000, 0.628343, 0.241432, 0.245206
6250, 0.643618, 0.257126, 0.270294
6500, 0.652504, 0.277356, 0.287775
6750, 0.658268, 0.295522, 0.301322
7000, 0.655907, 0.277767, 0.293304
7250, 0.655099, 0.277658, 0.291898
7500, 0.648482, 0.280479, 0.284294
7750, 0.647553, 0.277860, 0.282058
8000, 0.655426, 0.285586, 0.294113
8250, 0.656424, 0.283565, 0.294963
8500, 0.657190, 0.293730, 0.299370
8750, 0.641652, 0.267868, 0.271375
9000, 0.650973, 0.273081, 0.284561
9250, 0.659891, 0.285864, 0.300880
9500, 0.657527, 0.289668, 0.298162
9750, 0.648235, 0.274620, 0.281308
10000, 0.645132, 0.264984, 0.274131
10250, 0.651210, 0.276989, 0.285871
10500, 0.651097, 0.280255, 0.286871
10750, 0.648690, 0.275614, 0.282231
11000, 0.649288, 0.276214, 0.283170
11250, 0.655264, 0.296032, 0.298863
11500, 0.665209, 0.320637, 0.321859
11750, 0.660035, 0.289328, 0.301613
12000, 0.664472, 0.299730, 0.310510
12250, 0.654647, 0.291493, 0.295761
12500, 0.651537, 0.288337, 0.291332
12750, 0.657453, 0.292093, 0.298958
13000, 0.662532, 0.297470, 0.307199
13250, 0.660947, 0.304779, 0.308576
13500, 0.666574, 0.307990, 0.315880
13750, 0.671753, 0.309302, 0.323486
14000, 0.673269, 0.312728, 0.326459
14250, 0.676181, 0.318933, 0.332124
14500, 0.674216, 0.313468, 0.328082
14750, 0.678684, 0.340711, 0.343959
15000, 0.683164, 0.353777, 0.355587
15250, 0.658252, 0.266044, 0.301213
15500, 0.666383, 0.277233, 0.318199
15750, 0.653262, 0.273928, 0.288397
16000, 0.630628, 0.217675, 0.249807
16250, 0.627432, 0.217930, 0.240909
16500, 0.614311, 0.214849, 0.218303
16750, 0.600387, 0.173071, 0.189366
17000, 0.620577, 0.219675, 0.227625
17250, 0.626410, 0.242361, 0.244175
17500, 0.635950, 0.232073, 0.257162
17750, 0.636348, 0.253654, 0.259179
18000, 0.630433, 0.243510, 0.248311
18250, 0.625183, 0.211591, 0.237681
18500, 0.632010, 0.231385, 0.248381
18750, 0.612983, 0.213833, 0.216550
19000, 0.609255, 0.199044, 0.206249
19250, 0.596072, 0.168662, 0.180741
19500, 0.589627, 0.159854, 0.168625
19750, 0.591041, 0.166216, 0.171959
20000, 0.588541, 0.165859, 0.168818
20250, 0.582452, 0.154984, 0.157468
20500, 0.595622, 0.174120, 0.180491
20750, 0.602088, 0.184052, 0.192309
21000, 0.606567, 0.202065, 0.204464
21250, 0.613071, 0.199464, 0.212676
21500, 0.604697, 0.189106, 0.197286
21750, 0.603574, 0.199613, 0.200765
22000, 0.598572, 0.176962, 0.185574
22250, 0.600758, 0.180597, 0.189653
22500, 0.608049, 0.196835, 0.203969
22750, 0.617519, 0.222999, 0.225573
23000, 0.624333, 0.227187, 0.234894
23250, 0.603610, 0.192316, 0.196770
23500, 0.592195, 0.165949, 0.173631
23750, 0.580637, 0.144233, 0.151748
24000, 0.587044, 0.159259, 0.164506
24250, 0.598993, 0.185753, 0.188898
24500, 0.604694, 0.192990, 0.198323
24750, 0.592646, 0.166475, 0.174437
25000, 0.588349, 0.155529, 0.166187
25250, 0.586329, 0.155229, 0.162560
25500, 0.608291, 0.198418, 0.204744
25750, 0.617412, 0.218407, 0.223176
26000, 0.619245, 0.226501, 0.229018
26250, 0.594243, 0.168315, 0.177328
26500, 0.600134, 0.172452, 0.188936
26750, 0.600433, 0.178747, 0.188931
27000, 0.600661, 0.181211, 0.189579
27250, 0.597842, 0.174780, 0.184102
27500, 0.601369, 0.180840, 0.190719
27750, 0.603109, 0.179399, 0.194165
28000, 0.610954, 0.197079, 0.208703
28250, 0.600184, 0.177106, 0.188431
28500, 0.600995, 0.178749, 0.189957
28750, 0.600554, 0.185531, 0.190541
29000, 0.596172, 0.167185, 0.181126
29250, 0.596858, 0.168538, 0.182391
29500, 0.601402, 0.176117, 0.191003
29750, 0.602291, 0.179278, 0.192466
30000, 0.622330, 0.224384, 0.231362
30250, 0.623300, 0.220121, 0.231994
30500, 0.620732, 0.214334, 0.227092
30750, 0.637163, 0.254673, 0.260522
31000, 0.632812, 0.233668, 0.249831
31250, 0.644742, 0.254904, 0.272261
31500, 0.702660, 0.391426, 0.393430
31750, 0.707689, 0.384947, 0.394207
32000, 0.728377, 0.428651, 0.435847
32250, 0.723089, 0.409863, 0.422137
32500, 0.715647, 0.395984, 0.407989
32750, 0.704743, 0.383474, 0.390348
33000, 0.699679, 0.367477, 0.378046
33250, 0.716056, 0.402779, 0.411055
33500, 0.715664, 0.402795, 0.410642
33750, 0.710401, 0.386941, 0.398256
34000, 0.715350, 0.397353, 0.408075
34250, 0.713182, 0.398144, 0.405909
34500, 0.713046, 0.399695, 0.406500
34750, 0.708375, 0.381282, 0.393820
35000, 0.706390, 0.384799, 0.392683
35250, 0.703803, 0.407634, 0.407635
35500, 0.716270, 0.404771, 0.412185
35750, 0.716837, 0.399153, 0.410564
36000, 0.715316, 0.415941, 0.418050
36250, 0.711666, 0.414071, 0.414931
36500, 0.713599, 0.397598, 0.406121
36750, 0.714597, 0.417076, 0.418522
37000, 0.716308, 0.428976, 0.429108
37250, 0.717184, 0.409084, 0.415214
37500, 0.707913, 0.383633, 0.393983
37750, 0.719497, 0.423139, 0.425546
38000, 0.723423, 0.429395, 0.432256
38250, 0.720903, 0.424914, 0.427626
38500, 0.721804, 0.435498, 0.436129
38750, 0.723669, 0.429846, 0.432718
39000, 0.720377, 0.418474, 0.423178
39250, 0.727840, 0.438229, 0.441036
39500, 0.722742, 0.447189, 0.447218
39750, 0.728562, 0.451990, 0.452237
40000, 0.719626, 0.398686, 0.414262
40250, 0.731508, 0.428051, 0.439016
40500, 0.727335, 0.445625, 0.446390
40750, 0.729043, 0.434434, 0.439532
41000, 0.726400, 0.430378, 0.435017
41250, 0.723492, 0.420213, 0.426889
41500, 0.720909, 0.404788, 0.417678
41750, 0.727106, 0.439692, 0.441648
42000, 0.721202, 0.435762, 0.436188
42250, 0.721549, 0.410795, 0.420577
42500, 0.731203, 0.440132, 0.444617
42750, 0.731993, 0.444379, 0.447852
43000, 0.729365, 0.428621, 0.436838
43250, 0.737264, 0.466926, 0.467445
43500, 0.739514, 0.466157, 0.467620
43750, 0.732365, 0.439659, 0.445300
44000, 0.726585, 0.431229, 0.435669
44250, 0.726269, 0.428235, 0.433679
44500, 0.735259, 0.437285, 0.447038
44750, 0.736935, 0.461511, 0.462875
45000, 0.736564, 0.455813, 0.458477
45250, 0.727172, 0.414257, 0.428952
45500, 0.735901, 0.436690, 0.447543
45750, 0.729350, 0.448968, 0.449844
46000, 0.730397, 0.450276, 0.451294
46250, 0.711596, 0.362517, 0.399803
46500, 0.734730, 0.422534, 0.442070
46750, 0.706769, 0.376843, 0.390373
47000, 0.692575, 0.326744, 0.365066
47250, 0.716861, 0.406918, 0.413811
47500, 0.711767, 0.397811, 0.404314
47750, 0.693904, 0.363087, 0.369642
48000, 0.679549, 0.323764, 0.338238
48250, 0.694090, 0.363109, 0.369843
48500, 0.702299, 0.369566, 0.382167
48750, 0.678440, 0.314122, 0.335653
49000, 0.695158, 0.357763, 0.369039
49250, 0.697421, 0.354876, 0.371732
49500, 0.690509, 0.354384, 0.362120
49750, 0.667468, 0.327496, 0.328197
50000, 0.672442, 0.303914, 0.324356
50250, 0.666356, 0.307929, 0.315596
50500, 0.665044, 0.303747, 0.312475
50750, 0.667065, 0.302177, 0.314889
51000, 0.681647, 0.326140, 0.341977
51250, 0.684615, 0.335228, 0.348245
51500, 0.681046, 0.351694, 0.352955
51750, 0.673079, 0.326069, 0.330925
52000, 0.654351, 0.276865, 0.290555
52250, 0.654338, 0.271790, 0.290313
52500, 0.682906, 0.349981, 0.352852
52750, 0.687538, 0.346861, 0.355676
53000, 0.644975, 0.242750, 0.276501
53250, 0.683383, 0.342837, 0.349329
53500, 0.669708, 0.324478, 0.327231
53750, 0.640061, 0.253144, 0.263955
54000, 0.641909, 0.254799, 0.267166
54250, 0.631339, 0.245595, 0.250215
54500, 0.615455, 0.212486, 0.218590
54750, 0.614374, 0.202328, 0.215121
55000, 0.648753, 0.283788, 0.286434
55250, 0.665716, 0.312895, 0.317217
55500, 0.689925, 0.384265, 0.384490
55750, 0.662113, 0.296634, 0.306387
56000, 0.658103, 0.291625, 0.299559
56250, 0.677013, 0.341527, 0.343384
56500, 0.674257, 0.333918, 0.336480
56750, 0.676048, 0.331454, 0.336494
57000, 0.682270, 0.343132, 0.348368
57250, 0.676242, 0.322184, 0.333003
57500, 0.675006, 0.316156, 0.329783
57750, 0.662000, 0.296841, 0.306295
58000, 0.649368, 0.268130, 0.281201
58250, 0.673525, 0.335607, 0.337197
58500, 0.677122, 0.332416, 0.338013
58750, 0.666975, 0.298275, 0.314187
59000, 0.690764, 0.360230, 0.365186
59250, 0.664390, 0.297241, 0.309828
59500, 0.653349, 0.270021, 0.288452
59750, 0.676593, 0.335163, 0.339003
60000, 0.666689, 0.315897, 0.319722
60250, 0.651955, 0.271398, 0.285920
60500, 0.674135, 0.325408, 0.331648
60750, 0.667913, 0.305535, 0.316889
61000, 0.657682, 0.282711, 0.296810
61250, 0.684961, 0.346797, 0.352812
61500, 0.710897, 0.432649, 0.433894
61750, 0.691422, 0.363190, 0.367402
62000, 0.680134, 0.312250, 0.339417
62250, 0.765255, 0.506178, 0.510847
62500, 0.772261, 0.531169, 0.532556
62750, 0.763513, 0.488162, 0.500066
63000, 0.759008, 0.495964, 0.499898
63250, 0.742890, 0.461035, 0.466298
63500, 0.738901, 0.446050, 0.454823
63750, 0.733821, 0.441836, 0.447773
64000, 0.736133, 0.454097, 0.457032
64250, 0.736724, 0.450779, 0.455317
64500, 0.730660, 0.429035, 0.438423
64750, 0.730051, 0.424767, 0.436036
65000, 0.741521, 0.459953, 0.464567
65250, 0.739324, 0.453598, 0.459069
65500, 0.730123, 0.422433, 0.435334
65750, 0.739179, 0.454526, 0.459485
66000, 0.736642, 0.460899, 0.462270
66250, 0.736730, 0.445850, 0.452557
66500, 0.733534, 0.433998, 0.443726
66750, 0.736237, 0.445903, 0.452130
67000, 0.740062, 0.462334, 0.465104
67250, 0.747189, 0.467327, 0.473499
67500, 0.750384, 0.469526, 0.477636
67750, 0.745253, 0.452248, 0.464640
68000, 0.742181, 0.453747, 0.461797
68250, 0.744588, 0.460280, 0.467388
68500, 0.743886, 0.453231, 0.463393
68750, 0.742370, 0.450635, 0.460604
69000, 0.745967, 0.460888, 0.469040
69250, 0.750430, 0.474204, 0.480123
69500, 0.746670, 0.451768, 0.466317
69750, 0.750400, 0.473277, 0.479584
70000, 0.744898, 0.457178, 0.466208
70250, 0.747223, 0.471228, 0.475788
70500, 0.733950, 0.467693, 0.467694
70750, 0.744826, 0.468564, 0.472369
71000, 0.747138, 0.465114, 0.472280
71250, 0.745311, 0.454923, 0.465713
71500, 0.747969, 0.462470, 0.471858
71750, 0.744378, 0.471176, 0.473835
72000, 0.748393, 0.460181, 0.471383
72250, 0.748303, 0.464794, 0.473271
72500, 0.748939, 0.471844, 0.477525
72750, 0.740592, 0.466514, 0.468401
73000, 0.745072, 0.459310, 0.467380
73250, 0.750290, 0.466983, 0.476357
73500, 0.748400, 0.459024, 0.470953
73750, 0.752583, 0.472300, 0.481192
74000, 0.758484, 0.499957, 0.502315
74250, 0.752345, 0.492713, 0.493917
74500, 0.752960, 0.471907, 0.481413
74750, 0.748979, 0.467890, 0.475448
75000, 0.744506, 0.466005, 0.470532
75250, 0.750621, 0.465104, 0.475928
75500, 0.751464, 0.469343, 0.478666
75750, 0.752054, 0.472585, 0.480787
76000, 0.751241, 0.462739, 0.475792
76250, 0.749237, 0.458727, 0.471888
76500, 0.746516, 0.479513, 0.481080
