# elements, balanced_accuracy_score, cohen_kappa_score, matthews_corrcoef
3000, 0.753233, 0.454276, 0.476699
6000, 0.761182, 0.492642, 0.499689
9000, 0.790606, 0.559253, 0.562738
12000, 0.800609, 0.579718, 0.582952
15000, 0.820348, 0.612197, 0.617504
18000, 0.784370, 0.542905, 0.547817
21000, 0.769523, 0.532162, 0.532538
24000, 0.762795, 0.515634, 0.516436
27000, 0.757536, 0.514127, 0.514135
30000, 0.771076, 0.532467, 0.533203
33000, 0.834551, 0.645815, 0.649226
36000, 0.822811, 0.627709, 0.629810
39000, 0.828361, 0.637261, 0.639696
42000, 0.827481, 0.629537, 0.633681
45000, 0.824993, 0.637944, 0.638893
48000, 0.780692, 0.545056, 0.547062
51000, 0.769497, 0.531915, 0.532312
54000, 0.760948, 0.512181, 0.512950
57000, 0.761788, 0.517318, 0.517638
60000, 0.775415, 0.540090, 0.540980
63000, 0.831937, 0.641723, 0.644836
66000, 0.832787, 0.641226, 0.644970
69000, 0.828749, 0.641538, 0.643180
