# elements, balanced_accuracy_score, cohen_kappa_score, matthews_corrcoef
4000, 0.746238, 0.452723, 0.466048
8000, 0.786676, 0.524711, 0.541850
12000, 0.810513, 0.577050, 0.589988
16000, 0.825763, 0.615571, 0.623844
20000, 0.780189, 0.524106, 0.533871
24000, 0.771969, 0.511170, 0.519388
28000, 0.777478, 0.527722, 0.533307
32000, 0.816777, 0.605588, 0.610758
36000, 0.827411, 0.620137, 0.627803
40000, 0.827271, 0.614441, 0.624667
44000, 0.832243, 0.638227, 0.642582
48000, 0.784574, 0.526633, 0.539823
52000, 0.776619, 0.520122, 0.528375
56000, 0.770926, 0.519495, 0.523364
60000, 0.781425, 0.539584, 0.543617
64000, 0.833503, 0.633723, 0.640661
68000, 0.832828, 0.638077, 0.642868
