# elements, balanced_accuracy_score, cohen_kappa_score, matthews_corrcoef
750, 0.526252, 0.035431, 0.121328
1500, 0.686217, 0.304221, 0.361097
2250, 0.690484, 0.308734, 0.371943
3000, 0.711554, 0.354897, 0.403096
3750, 0.732144, 0.408248, 0.436693
4500, 0.731498, 0.405676, 0.435580
5250, 0.735981, 0.410956, 0.444320
6000, 0.749045, 0.442553, 0.468461
6750, 0.754851, 0.446206, 0.479557
7500, 0.774407, 0.506922, 0.520202
8250, 0.776334, 0.497557, 0.520446
9000, 0.786137, 0.518116, 0.539434
9750, 0.793323, 0.538997, 0.555070
10500, 0.794459, 0.538182, 0.556339
11250, 0.799233, 0.552156, 0.567038
12000, 0.793705, 0.534720, 0.554361
12750, 0.801725, 0.554991, 0.571151
13500, 0.814468, 0.591431, 0.600743
14250, 0.811507, 0.578495, 0.591712
15000, 0.823962, 0.610828, 0.619678
15750, 0.815899, 0.581711, 0.598200
16500, 0.792647, 0.534279, 0.552752
17250, 0.777783, 0.500739, 0.523267
18000, 0.777160, 0.504221, 0.523039
18750, 0.774216, 0.498000, 0.517280
19500, 0.778040, 0.510903, 0.526145
20250, 0.774245, 0.500002, 0.517812
21000, 0.768337, 0.485325, 0.505765
21750, 0.775991, 0.513160, 0.524505
22500, 0.773617, 0.511984, 0.521428
23250, 0.763786, 0.485983, 0.499598
24000, 0.762510, 0.477614, 0.495404
24750, 0.767643, 0.490858, 0.506172
25500, 0.775389, 0.510919, 0.522902
26250, 0.764718, 0.477546, 0.498717
27000, 0.770109, 0.496907, 0.511327
27750, 0.759654, 0.465216, 0.488717
28500, 0.767024, 0.491302, 0.505511
29250, 0.769703, 0.501512, 0.512574
30000, 0.769488, 0.488634, 0.508188
30750, 0.797426, 0.563459, 0.570372
31500, 0.809299, 0.564230, 0.584084
32250, 0.818803, 0.585784, 0.603276
33000, 0.825024, 0.604965, 0.617958
33750, 0.822536, 0.599148, 0.612732
34500, 0.825981, 0.611419, 0.621911
35250, 0.820078, 0.595128, 0.608289
36000, 0.828005, 0.618283, 0.627323
36750, 0.832733, 0.633805, 0.640103
37500, 0.833871, 0.639114, 0.644257
38250, 0.831553, 0.627316, 0.635373
39000, 0.830075, 0.621884, 0.631125
39750, 0.821664, 0.598986, 0.611688
40500, 0.821937, 0.599426, 0.612178
41250, 0.818969, 0.591443, 0.605520
42000, 0.810715, 0.568149, 0.587125
42750, 0.821312, 0.598319, 0.611013
43500, 0.829861, 0.624650, 0.632429
44250, 0.821785, 0.597530, 0.611213
45000, 0.830228, 0.619085, 0.629868
45750, 0.810454, 0.566564, 0.586325
46500, 0.794117, 0.541591, 0.556950
47250, 0.769103, 0.477783, 0.506176
48000, 0.769073, 0.486182, 0.507062
48750, 0.771027, 0.495240, 0.512036
49500, 0.767201, 0.481378, 0.503286
50250, 0.773602, 0.504889, 0.518478
51000, 0.775303, 0.514476, 0.524334
51750, 0.767655, 0.486207, 0.504931
52500, 0.765375, 0.484483, 0.501238
53250, 0.753985, 0.458312, 0.478519
54000, 0.764724, 0.496164, 0.504869
54750, 0.758484, 0.463590, 0.486571
55500, 0.769180, 0.490648, 0.508218
56250, 0.770294, 0.497521, 0.511770
57000, 0.769745, 0.495330, 0.510342
57750, 0.770856, 0.502494, 0.514288
58500, 0.762032, 0.479653, 0.495284
59250, 0.766121, 0.495603, 0.506085
60000, 0.772261, 0.492669, 0.513210
60750, 0.803951, 0.566657, 0.578288
61500, 0.817943, 0.590018, 0.603763
62250, 0.823015, 0.600296, 0.613748
63000, 0.825305, 0.605563, 0.618524
63750, 0.817683, 0.584361, 0.601365
64500, 0.828710, 0.618437, 0.628063
65250, 0.830182, 0.621129, 0.630836
66000, 0.827684, 0.613992, 0.624860
66750, 0.830545, 0.621812, 0.631529
67500, 0.828543, 0.615499, 0.626448
68250, 0.833951, 0.633089, 0.640662
69000, 0.836272, 0.641005, 0.647190
69750, 0.836420, 0.642068, 0.647957
70500, 0.833910, 0.634243, 0.641294
71250, 0.827964, 0.617041, 0.626641
72000, 0.832254, 0.630709, 0.637888
72750, 0.834046, 0.634811, 0.641737
73500, 0.830093, 0.623299, 0.631890
