# elements, balanced_accuracy_score, cohen_kappa_score, matthews_corrcoef
5500, 0.755932, 0.463876, 0.482586
11000, 0.809024, 0.578565, 0.589057
16500, 0.824842, 0.626898, 0.630260
22000, 0.774674, 0.503792, 0.519482
27500, 0.776177, 0.517735, 0.526762
33000, 0.823754, 0.618628, 0.624021
38500, 0.827995, 0.632972, 0.636370
44000, 0.830739, 0.633637, 0.638549
49500, 0.780658, 0.518707, 0.532140
55000, 0.773341, 0.518167, 0.524375
60500, 0.786920, 0.550988, 0.554807
66000, 0.832396, 0.629707, 0.637434
